%YAML:1.0
Origin: !!opencv-matrix
   rows: 3
   cols: 1
   dt: d
   data: [ 1.0421301238238811e-002, -2.0538595318794250e-001,
       8.7600004673004150e-001 ]
OZ: !!opencv-matrix
   rows: 3
   cols: 1
   dt: d
   data: [ 9.8825856086226516e-001, 5.9389962037249989e-003,
       -1.5267529337301744e-001 ]
OX: !!opencv-matrix
   rows: 3
   cols: 1
   dt: d
   data: [ -1.9732037042278015e-002, -9.8591551702829472e-001,
       -1.6607600668667422e-001 ]
OY: !!opencv-matrix
   rows: 3
   cols: 1
   dt: d
   data: [ -1.5151126557654704e-001, 1.6713862990620165e-001,
       -9.7422226149707281e-001 ]
M34: !!opencv-matrix
   rows: 3
   cols: 4
   dt: d
   data: [ -1.9732037042278015e-002, -1.5151126557654704e-001,
       9.8825856086226516e-001, 1.0421301238238811e-002,
       -9.8591551702829472e-001, 1.6713862990620165e-001,
       5.9389962037249989e-003, -2.0538595318794250e-001,
       -1.6607600668667422e-001, -9.7422226149707281e-001,
       -1.5267529337301744e-001, 8.7600004673004150e-001 ]
M44: !!opencv-matrix
   rows: 4
   cols: 4
   dt: d
   data: [ -1.9732037042278015e-002, -1.5151126557654704e-001,
       9.8825856086226516e-001, 1.0421301238238811e-002,
       -9.8591551702829472e-001, 1.6713862990620165e-001,
       5.9389962037249989e-003, -2.0538595318794250e-001,
       -1.6607600668667422e-001, -9.7422226149707281e-001,
       -1.5267529337301744e-001, 8.7600004673004150e-001, 0., 0., 0., 1. ]
invM44: !!opencv-matrix
   rows: 4
   cols: 4
   dt: d
   data: [ -1.9732037042278022e-002, -9.8591551702829527e-001,
       -1.6607600668667435e-001, -5.6804975107312319e-002,
       -1.5151126557654712e-001, 1.6713862990620187e-001,
       -9.7422226149707303e-001, 8.8932561795425447e-001,
       9.8825856086226505e-001, 5.9389962037249971e-003,
       -1.5267529337301725e-001, 1.2466441036155373e-001,
       1.2836953722228372e-016, -8.3266726846886741e-017,
       -5.5511151231257827e-017, 1. ]
