<<<<<<< HEAD
User Name, User ID, Trial Date and Time, Birthdate, BrookeScale, UlnaLength, TotalVolume, LowerLeftVolume, LowerRightVolume, MiddleLeftVolume, MiddleRightVolume, UpperLeftVolume, UpperRightVolume, LowerXLeft, LowerXRight, MiddleXLeft, MiddleXRight, UpperXLeft, UpperXRight, LowerZLeft, LowerZRight, MiddleZLeft, MiddleZRight, UpperZLeft, UpperZRight, LowerY, MiddleY, LeftYReach, RightYReach, CalibrationMatrix, XOffset, YOffset, ZOffset
David,0,9/23/2014 12:25 PM,12/01/89,1,52,0.13763894,0.013524405,0.013761914,0.085354649,0,0.024997978,0,-0.3158094,0.59122205,-0.14732482,0.51739401,-0.21657877,0,-0.42824578,0.23277065,-2.8968184,0,-0.6530962,0,0.1,0.2,0.47673064,0.12391084,[ 0.8277 -0.0406611 -0.559695 0.677808 ] [ 0.0738946 0.996584 0.036878 0.120841 ] [ 0.556284 -0.0718824 0.827878 -0.861348 ] [ 2.08167E-17 -4.09395E-16 5.55112E-17 1 ] ,0,-0.01,0.3
=======
User Name, User ID, Trial Date and Time, Birthdate, BrookeScale, UlnaLength, TotalVolume, LowerLeftVolume, LowerRightVolume, MiddleLeftVolume, MiddleRightVolume, UpperLeftVolume, UpperRightVolume, LowerXLeft, LowerXRight, MiddleXLeft, MiddleXRight, UpperXLeft, UpperXRight, LowerZLeft, LowerZRight, MiddleZLeft, MiddleZRight, UpperZLeft, UpperZRight, YLeft, YRight, CalibrationMatrix, XOffset, YOffset, ZOffset
Roger,3,9/22/2014 6:45 PM,08/10/62,1,32,2.7265754,0.096198194,0.12745555,0.20954782,0.28742522,0.8290779,1.1768707,-0.97626209,1.1256216,-1.0195299,1.2813988,-0.95945102,1.3022984,-0.9853726,-1.1323125,-1.0276687,-1.1215291,-1.0261494,-1.0689366,1.1420966,1.1454079,[ 0.999751 0.00321512 -0.0220724 0.149559 ] [ -0.00345815 0.999934 -0.0109811 0.454445 ] [ 0.0220356 0.0110547 0.999696 -2.75755 ] [ -5.20417E-18 0 0 1 ] ,0,-0.01,0.3
Ben,0,9/23/2014 10:38 AM,03/11/91,1,87,0,0,0,0,0,0,0,0,0,0,0,0,0,0,0,0,0,0,0,0,0,[ 0 0 0 0 ] [ 0 0 0 0 ] [ 0 0 0 0 ] [ 0 0 0 0 ] ,0,-0.01,0.3
>>>>>>> origin/master
Ben,0,9/24/2014 10:50 AM,03/11/91,1,87,2.1312857,0.10626412,0.057769533,0.2361798,0.18652499,0.82869869,0.71584857,0.95449388,0.52252316,1.0431598,0.8516776,0.96873307,0.83565921,1.1133033,1.105588,1.1320403,1.0950445,1.0570397,1.0714257,0.1,0.2,1.1092845,1.099521,[ 1 0.000226373 5.20417E-17 0.047471 ] [ -0.00021495 0.94954 -0.313646 0.785638 ] [ -7.10011E-05 0.313646 0.94954 -1.65405 ] [ 8.67362E-18 -6.93889E-18 1.66533E-16 1 ] ,0,-0.01,0.3
Ben,0,9/24/2014 11:04 AM,03/11/91,1,87,1.8557646,0.021277973,0.015090513,0.15692925,0.1697875,0.75781876,0.7348606,0.78757399,0.5872553,0.86312729,0.88876176,0.92589962,0.96120572,0.27017111,0.25696683,0.90907359,0.9551912,1.0279088,0.98709875,0.1,0.2,1.0962453,1.0745118,[ 0.998321 0.0427816 -0.0390598 0.195799 ] [ -0.0534834 0.939735 -0.337694 0.824678 ] [ 0.0222588 0.339216 0.940445 -1.60441 ] [ -6.93889E-18 -2.08167E-17 1.11022E-16 1 ] ,0,-0.01,0.3
Ben,0,9/24/2014 11:34 AM,03/11/91,1,87,2.1291573,0.14183897,0.036976777,0.24151921,0.13303226,0.70005846,0.87573165,1.0943168,0.37535706,1.1111312,0.79543942,1.1489112,0.9866761,1.2961416,0.98510939,1.0868168,0.83621866,0.80932188,1.1971018,0.1,0.2,1.0528814,1.0414218,[ 0.99997 0.00212389 -0.00750995 0.0257177 ] [ -0.00451391 0.942376 -0.334525 0.867125 ] [ 0.0063667 0.334549 0.942357 -1.53735 ] [ 7.37257E-18 -1.38778E-17 0 1 ] ,0,-0.01,0.3
Ben,0,9/24/2014 11:44 AM,03/11/91,1,87,2.736757,0.12575124,0.11624214,0.25150248,0.2324843,1.0355885,0.97518843,1.0400662,0.96848434,1.0400662,0.96848434,1.0400662,0.96848434,1.2090695,1.200248,1.2090695,1.200248,1.2090695,1.200248,0.1,0.2,1.1235216,1.1389285,[ 0.998954 -0.0265249 -0.0372437 0.0756447 ] [ 0.0123709 0.940947 -0.338328 0.873236 ] [ 0.0440185 0.337514 0.940291 -1.48544 ] [ -1.73472E-18 4.16334E-17 -1.66533E-16 1 ] ,0,-0.01,0.3
