%YAML:1.0
Origin: !!opencv-matrix
   rows: 3
   cols: 1
   dt: d
   data: [ -1.2991553544998169e-001, -5.4706007242202759e-001,
       1.6750000715255737e+000 ]
OZ: !!opencv-matrix
   rows: 3
   cols: 1
   dt: d
   data: [ -2.9875861805028811e-002, 3.6498148281737801e-002,
       9.9888703968637571e-001 ]
OX: !!opencv-matrix
   rows: 3
   cols: 1
   dt: d
   data: [ 9.9948241764959489e-001, -1.0836746211186826e-002,
       3.0289630913483877e-002 ]
OY: !!opencv-matrix
   rows: 3
   cols: 1
   dt: d
   data: [ 1.1930200783204401e-002, 9.9927496221188217e-001,
       -3.6155500352143113e-002 ]
M34: !!opencv-matrix
   rows: 3
   cols: 4
   dt: d
   data: [ 9.9948241764959489e-001, 1.1930200783204401e-002,
       -2.9875861805028811e-002, -1.2991553544998169e-001,
       -1.0836746211186826e-002, 9.9927496221188217e-001,
       3.6498148281737801e-002, -5.4706007242202759e-001,
       3.0289630913483877e-002, -3.6155500352143113e-002,
       9.9888703968637571e-001, 1.6750000715255737e+000 ]
M44: !!opencv-matrix
   rows: 4
   cols: 4
   dt: d
   data: [ 9.9948241764959489e-001, 1.1930200783204401e-002,
       -2.9875861805028811e-002, -1.2991553544998169e-001,
       -1.0836746211186826e-002, 9.9927496221188217e-001,
       3.6498148281737801e-002, -5.4706007242202759e-001,
       3.0289630913483877e-002, -3.6155500352143113e-002,
       9.9888703968637571e-001, 1.6750000715255737e+000, 0., 0., 0., 1. ]
invM44: !!opencv-matrix
   rows: 4
   cols: 4
   dt: d
   data: [ 9.9948241764959522e-001, -1.0836746211186734e-002,
       3.0289630913484016e-002, 7.3184808348109517e-002,
       1.1930200783204319e-002, 9.9927496221188261e-001,
       -3.6155500352143016e-002, 6.0877381729580959e-001,
       -2.9875861805028527e-002, 3.6498148281738002e-002,
       9.9888703968637560e-001, -1.6570505218618006e+000,
       -1.3877787807814457e-017, 2.7755575615628914e-017,
       -5.5511151231257827e-017, 1.0000000000000002e+000 ]
