%YAML:1.0
Origin: !!opencv-matrix
   rows: 3
   cols: 1
   dt: d
   data: [ -1.8757821619510651e-001, -1.7190527915954590e-001,
       1.4730000495910645e+000 ]
OZ: !!opencv-matrix
   rows: 3
   cols: 1
   dt: d
   data: [ -4.2007865789037244e-002, -5.6828648323030972e-002,
       9.9749979646194797e-001 ]
OX: !!opencv-matrix
   rows: 3
   cols: 1
   dt: d
   data: [ 9.9752425427810065e-001, 5.3970600907098126e-002,
       4.5083659619043918e-002 ]
OY: !!opencv-matrix
   rows: 3
   cols: 1
   dt: d
   data: [ -5.6397706857365289e-002, 9.9692410893081729e-001,
       5.4420765280604841e-002 ]
M34: !!opencv-matrix
   rows: 3
   cols: 4
   dt: d
   data: [ 9.9752425427810065e-001, -5.6397706857365289e-002,
       -4.2007865789037244e-002, -1.8757821619510651e-001,
       5.3970600907098126e-002, 9.9692410893081729e-001,
       -5.6828648323030972e-002, -1.7190527915954590e-001,
       4.5083659619043918e-002, 5.4420765280604841e-002,
       9.9749979646194797e-001, 1.4730000495910645e+000 ]
M44: !!opencv-matrix
   rows: 4
   cols: 4
   dt: d
   data: [ 9.9752425427810065e-001, -5.6397706857365289e-002,
       -4.2007865789037244e-002, -1.8757821619510651e-001,
       5.3970600907098126e-002, 9.9692410893081729e-001,
       -5.6828648323030972e-002, -1.7190527915954590e-001,
       4.5083659619043918e-002, 5.4420765280604841e-002,
       9.9749979646194797e-001, 1.4730000495910645e+000, 0., 0., 0., 1. ]
invM44: !!opencv-matrix
   rows: 4
   cols: 4
   dt: d
   data: [ 9.9752425427810065e-001, 5.3970600907097946e-002,
       4.5083659619043898e-002, 1.2998341858958481e-001,
       -5.6397706857365358e-002, 9.9692410893081740e-001,
       5.4420765280604806e-002, 8.0635746039719958e-002,
       -4.2007865789037264e-002, -5.6828648323030986e-002,
       9.9749979646194786e-001, -1.4869661548406272e+000, 0.,
       -1.3877787807814457e-017, 1.1102230246251565e-016,
       9.9999999999999989e-001 ]
