%YAML:1.0
Origin: !!opencv-matrix
   rows: 3
   cols: 1
   dt: d
   data: [ -8.9966125786304474e-002, -1.7551565170288086e-001,
       7.9500001668930054e-001 ]
OZ: !!opencv-matrix
   rows: 3
   cols: 1
   dt: d
   data: [ 2.3070044931548430e-002, -3.3628763176919839e-002,
       9.9916809362291337e-001 ]
OX: !!opencv-matrix
   rows: 3
   cols: 1
   dt: d
   data: [ 9.9954582497336153e-001, 2.0158638301695765e-002,
       -2.2400291965594961e-002 ]
OY: !!opencv-matrix
   rows: 3
   cols: 1
   dt: d
   data: [ -1.9388574088334349e-002, 9.9923107216950191e-001,
       3.4078550523887099e-002 ]
M34: !!opencv-matrix
   rows: 3
   cols: 4
   dt: d
   data: [ 9.9954582497336153e-001, -1.9388574088334349e-002,
       2.3070044931548430e-002, -8.9966125786304474e-002,
       2.0158638301695765e-002, 9.9923107216950191e-001,
       -3.3628763176919839e-002, -1.7551565170288086e-001,
       -2.2400291965594961e-002, 3.4078550523887099e-002,
       9.9916809362291337e-001, 7.9500001668930054e-001 ]
M44: !!opencv-matrix
   rows: 4
   cols: 4
   dt: d
   data: [ 9.9954582497336153e-001, -1.9388574088334349e-002,
       2.3070044931548430e-002, -8.9966125786304474e-002,
       2.0158638301695765e-002, 9.9923107216950191e-001,
       -3.3628763176919839e-002, -1.7551565170288086e-001,
       -2.2400291965594961e-002, 3.4078550523887099e-002,
       9.9916809362291337e-001, 7.9500001668930054e-001, 0., 0., 0., 1. ]
invM44: !!opencv-matrix
   rows: 4
   cols: 4
   dt: d
   data: [ 9.9954582497336142e-001, 2.0158638301695654e-002,
       -2.2400291965595148e-002, 1.1127165444418693e-001,
       -1.9388574088334387e-002, 9.9923107216950191e-001,
       3.4078550523887030e-002, 1.4654392970311295e-001,
       2.3070044931548364e-002, -3.3628763176919749e-002,
       9.9916809362291348e-001, -7.9816550282638454e-001, 0., 0.,
       -2.2204460492503131e-016, 1. ]
