%YAML:1.0
Origin: !!opencv-matrix
   rows: 3
   cols: 1
   dt: d
   data: [ -1.2299663573503494e-001, -2.3241443932056427e-001,
       1.2340000867843628e+000 ]
OZ: !!opencv-matrix
   rows: 3
   cols: 1
   dt: d
   data: [ 6.1528336193799230e-002, -6.2659578179008095e-003,
       9.9808566847633229e-001 ]
OX: !!opencv-matrix
   rows: 3
   cols: 1
   dt: d
   data: [ 9.9444457335891567e-001, 8.5951693442343574e-002,
       -6.0764273314157784e-002 ]
OY: !!opencv-matrix
   rows: 3
   cols: 1
   dt: d
   data: [ -8.5406407032652371e-002, 9.9627960140063976e-001,
       1.1519612439454218e-002 ]
M34: !!opencv-matrix
   rows: 3
   cols: 4
   dt: d
   data: [ 9.9444457335891567e-001, -8.5406407032652371e-002,
       6.1528336193799230e-002, -1.2299663573503494e-001,
       8.5951693442343574e-002, 9.9627960140063976e-001,
       -6.2659578179008095e-003, -2.3241443932056427e-001,
       -6.0764273314157784e-002, 1.1519612439454218e-002,
       9.9808566847633229e-001, 1.2340000867843628e+000 ]
M44: !!opencv-matrix
   rows: 4
   cols: 4
   dt: d
   data: [ 9.9444457335891567e-001, -8.5406407032652371e-002,
       6.1528336193799230e-002, -1.2299663573503494e-001,
       8.5951693442343574e-002, 9.9627960140063976e-001,
       -6.2659578179008095e-003, -2.3241443932056427e-001,
       -6.0764273314157784e-002, 1.1519612439454218e-002,
       9.9808566847633229e-001, 1.2340000867843628e+000, 0., 0., 0., 1. ]
invM44: !!opencv-matrix
   rows: 4
   cols: 4
   dt: d
   data: [ 9.9444457335891601e-001, 8.5951693442343699e-002,
       -6.0764273314157832e-002, 2.1727287013122371e-001,
       -8.5406407032652287e-002, 9.9627960140063998e-001,
       1.1519612439454180e-002, 2.0682986148080307e-001,
       6.1528336193799341e-002, -6.2659578179007080e-003,
       9.9808566847633196e-001, -1.2255263222368649e+000,
       -2.7755575615628914e-017, -2.7755575615628914e-017,
       2.2204460492503131e-016, 1. ]
