%YAML:1.0
Origin: !!opencv-matrix
   rows: 3
   cols: 1
   dt: d
<<<<<<< HEAD
   data: [ -9.0797767043113708e-002, -1.5478387475013733e-001,
       1.0880000591278076e+000 ]
=======
   data: [ -1.2540380656719208e-001, -4.5516604185104370e-001,
       2.1349999904632568e+000 ]
>>>>>>> origin/master
OZ: !!opencv-matrix
   rows: 3
   cols: 1
   dt: d
<<<<<<< HEAD
   data: [ 5.5628385093248645e-001, -7.1882405994729837e-002,
       8.2787752530198089e-001 ]
=======
   data: [ 2.9038945080047559e-002, 1.1507674202241447e-002,
       9.9951203749784479e-001 ]
>>>>>>> origin/master
OX: !!opencv-matrix
   rows: 3
   cols: 1
   dt: d
<<<<<<< HEAD
   data: [ 8.2770034587525310e-001, -4.0661056036422026e-002,
       -5.5969528849186234e-001 ]
=======
   data: [ 9.9894374188533697e-001, -3.5957719069882502e-002,
       -2.8608442589782446e-002 ]
>>>>>>> origin/master
OY: !!opencv-matrix
   rows: 3
   cols: 1
   dt: d
<<<<<<< HEAD
   data: [ 7.3894618408307744e-002, 9.9658396446582054e-001,
       3.6878003469260789e-002 ]
=======
   data: [ 3.5610956414556624e-002, 9.9928705379072469e-001,
       -1.2539693357258528e-002 ]
>>>>>>> origin/master
M34: !!opencv-matrix
   rows: 3
   cols: 4
   dt: d
<<<<<<< HEAD
   data: [ 8.2770034587525310e-001, 7.3894618408307744e-002,
       5.5628385093248645e-001, -9.0797767043113708e-002,
       -4.0661056036422026e-002, 9.9658396446582054e-001,
       -7.1882405994729837e-002, -1.5478387475013733e-001,
       -5.5969528849186234e-001, 3.6878003469260789e-002,
       8.2787752530198089e-001, 1.0880000591278076e+000 ]
=======
   data: [ 9.9894374188533697e-001, 3.5610956414556624e-002,
       2.9038945080047559e-002, -1.2540380656719208e-001,
       -3.5957719069882502e-002, 9.9928705379072469e-001,
       1.1507674202241447e-002, -4.5516604185104370e-001,
       -2.8608442589782446e-002, -1.2539693357258528e-002,
       9.9951203749784479e-001, 2.1349999904632568e+000 ]
>>>>>>> origin/master
M44: !!opencv-matrix
   rows: 4
   cols: 4
   dt: d
<<<<<<< HEAD
   data: [ 8.2770034587525310e-001, 7.3894618408307744e-002,
       5.5628385093248645e-001, -9.0797767043113708e-002,
       -4.0661056036422026e-002, 9.9658396446582054e-001,
       -7.1882405994729837e-002, -1.5478387475013733e-001,
       -5.5969528849186234e-001, 3.6878003469260789e-002,
       8.2787752530198089e-001, 1.0880000591278076e+000, 0., 0., 0., 1. ]
=======
   data: [ 9.9894374188533697e-001, 3.5610956414556624e-002,
       2.9038945080047559e-002, -1.2540380656719208e-001,
       -3.5957719069882502e-002, 9.9928705379072469e-001,
       1.1507674202241447e-002, -4.5516604185104370e-001,
       -2.8608442589782446e-002, -1.2539693357258528e-002,
       9.9951203749784479e-001, 2.1349999904632568e+000, 0., 0., 0., 1. ]
>>>>>>> origin/master
invM44: !!opencv-matrix
   rows: 4
   cols: 4
   dt: d
<<<<<<< HEAD
   data: [ 8.2770034587525343e-001, -4.0661056036421825e-002,
       -5.5969528849186279e-001, 6.7780817435423812e-001,
       7.3894618408307841e-002, 9.9658396446582087e-001,
       3.6878003469260109e-002, 1.2084132392677857e-001,
       5.5628385093248633e-001, -7.1882405994730017e-002,
       8.2787752530198122e-001, -8.6134770229855095e-001,
       2.0816681711721685e-017, -4.0939474033052647e-016,
       5.5511151231257827e-017, 1. ]
=======
   data: [ 9.9894374188533719e-001, -3.5957719069882453e-002,
       -2.8608442589782512e-002, 1.6998363977221986e-001,
       3.5610956414556597e-002, 9.9928705379072436e-001,
       -1.2539693357258547e-002, 4.8607952763495765e-001,
       2.9038945080047320e-002, 1.1507674202241219e-002,
       9.9951203749784534e-001, -2.1250786937565302e+000,
       1.0408340855860843e-017, 1.3877787807814457e-017,
       -5.5511151231257827e-017, 9.9999999999999989e-001 ]
>>>>>>> origin/master
