%YAML:1.0
Origin: !!opencv-matrix
   rows: 3
   cols: 1
   dt: d
   data: [ -2.7084194123744965e-002, -2.5184601545333862e-001,
       1.1540000438690186e+000 ]
OZ: !!opencv-matrix
   rows: 3
   cols: 1
   dt: d
   data: [ 4.2619079363348972e-001, -1.6880516174985330e-001,
       8.8874418410961331e-001 ]
OX: !!opencv-matrix
   rows: 3
   cols: 1
   dt: d
   data: [ 9.0412690616823077e-001, 4.6615487905239283e-002,
       -4.2471347262598058e-001 ]
OY: !!opencv-matrix
   rows: 3
   cols: 1
   dt: d
   data: [ 3.0264582678757111e-002, 9.8454650151933520e-001,
       1.7248838042406889e-001 ]
M34: !!opencv-matrix
   rows: 3
   cols: 4
   dt: d
   data: [ 9.0412690616823077e-001, 3.0264582678757111e-002,
       4.2619079363348972e-001, -2.7084194123744965e-002,
       4.6615487905239283e-002, 9.8454650151933520e-001,
       -1.6880516174985330e-001, -2.5184601545333862e-001,
       -4.2471347262598058e-001, 1.7248838042406889e-001,
       8.8874418410961331e-001, 1.1540000438690186e+000 ]
M44: !!opencv-matrix
   rows: 4
   cols: 4
   dt: d
   data: [ 9.0412690616823077e-001, 3.0264582678757111e-002,
       4.2619079363348972e-001, -2.7084194123744965e-002,
       4.6615487905239283e-002, 9.8454650151933520e-001,
       -1.6880516174985330e-001, -2.5184601545333862e-001,
       -4.2471347262598058e-001, 1.7248838042406889e-001,
       8.8874418410961331e-001, 1.1540000438690186e+000, 0., 0., 0., 1. ]
invM44: !!opencv-matrix
   rows: 4
   cols: 4
   dt: d
   data: [ 9.0412690616823155e-001, 4.6615487905239311e-002,
       -4.2471347262598058e-001, 5.2634683956865413e-001,
       3.0264582678757167e-002, 9.8454650151933509e-001,
       1.7248838042406889e-001, 4.9722206692243073e-002,
       4.2619079363348961e-001, -1.6880516174985322e-001,
       8.8874418410961309e-001, -1.0565807006369634e+000,
       3.4694469519536142e-018, 4.1633363423443370e-017,
       -5.5511151231257827e-017, 9.9999999999999989e-001 ]
