%YAML:1.0
Origin: !!opencv-matrix
   rows: 3
   cols: 1
   dt: d
   data: [ -7.0170521736145020e-002, -1.6332842409610748e-001,
       2.0450000762939453e+000 ]
OZ: !!opencv-matrix
   rows: 3
   cols: 1
   dt: d
   data: [ -1.9648677922115482e-001, -1.1017630723595050e-001,
       9.7429673452965371e-001 ]
OX: !!opencv-matrix
   rows: 3
   cols: 1
   dt: d
   data: [ 9.8048609975673717e-001, -1.5672379487587280e-002,
       1.9596271253740855e-001 ]
OY: !!opencv-matrix
   rows: 3
   cols: 1
   dt: d
   data: [ -6.3208998662459548e-003, 9.9378848747862158e-001,
       1.1110575313562476e-001 ]
M34: !!opencv-matrix
   rows: 3
   cols: 4
   dt: d
   data: [ 9.8048609975673717e-001, -6.3208998662459548e-003,
       -1.9648677922115482e-001, -7.0170521736145020e-002,
       -1.5672379487587280e-002, 9.9378848747862158e-001,
       -1.1017630723595050e-001, -1.6332842409610748e-001,
       1.9596271253740855e-001, 1.1110575313562476e-001,
       9.7429673452965371e-001, 2.0450000762939453e+000 ]
M44: !!opencv-matrix
   rows: 4
   cols: 4
   dt: d
   data: [ 9.8048609975673717e-001, -6.3208998662459548e-003,
       -1.9648677922115482e-001, -7.0170521736145020e-002,
       -1.5672379487587280e-002, 9.9378848747862158e-001,
       -1.1017630723595050e-001, -1.6332842409610748e-001,
       1.9596271253740855e-001, 1.1110575313562476e-001,
       9.7429673452965371e-001, 2.0450000762939453e+000, 0., 0., 0., 1. ]
invM44: !!opencv-matrix
   rows: 4
   cols: 4
   dt: d
   data: [ 9.8048609975673695e-001, -1.5672379487587346e-002,
       1.9596271253740832e-001, -3.3450228595834403e-001,
       -6.3208998662460424e-003, 9.9378848747862170e-001,
       1.1110575313562533e-001, -6.5340906935767593e-002,
       -1.9648677922115490e-001, -1.1017630723595043e-001,
       9.7429673452965426e-001, -2.0242193988918631e+000,
       -3.1225022567582528e-017, 2.0122792321330962e-016,
       5.5511151231257827e-017, 1. ]
