%YAML:1.0
Origin: !!opencv-matrix
   rows: 3
   cols: 1
   dt: d
   data: [ -1.8635800480842590e-001, -3.2368344068527222e-001,
       1.2420001029968262e+000 ]
OZ: !!opencv-matrix
   rows: 3
   cols: 1
   dt: d
   data: [ 2.2178705047908923e-002, -1.9302983716918887e-001,
       9.8094219350827927e-001 ]
OX: !!opencv-matrix
   rows: 3
   cols: 1
   dt: d
   data: [ 9.9220116791734247e-001, -1.1612961720122891e-001,
       -4.5285255792117188e-002 ]
OY: !!opencv-matrix
   rows: 3
   cols: 1
   dt: d
   data: [ 1.2265784698036773e-001, 9.7429635838954698e-001,
       1.8894882535493102e-001 ]
M34: !!opencv-matrix
   rows: 3
   cols: 4
   dt: d
   data: [ 9.9220116791734247e-001, 1.2265784698036773e-001,
       2.2178705047908923e-002, -1.8635800480842590e-001,
       -1.1612961720122891e-001, 9.7429635838954698e-001,
       -1.9302983716918887e-001, -3.2368344068527222e-001,
       -4.5285255792117188e-002, 1.8894882535493102e-001,
       9.8094219350827927e-001, 1.2420001029968262e+000 ]
M44: !!opencv-matrix
   rows: 4
   cols: 4
   dt: d
   data: [ 9.9220116791734247e-001, 1.2265784698036773e-001,
       2.2178705047908923e-002, -1.8635800480842590e-001,
       -1.1612961720122891e-001, 9.7429635838954698e-001,
       -1.9302983716918887e-001, -3.2368344068527222e-001,
       -4.5285255792117188e-002, 1.8894882535493102e-001,
       9.8094219350827927e-001, 1.2420001029968262e+000, 0., 0., 0., 1. ]
invM44: !!opencv-matrix
   rows: 4
   cols: 4
   dt: d
   data: [ 9.9220116791734281e-001, -1.1612961720122876e-001,
       -4.5285255792117091e-002, 2.0355968831855573e-001,
       1.2265784698036800e-001, 9.7429635838954709e-001,
       1.8894882535493110e-001, 1.0354740861606451e-001,
       2.2178705047908920e-002, -1.9302983716918884e-001,
       9.8094219350827927e-001, -1.2766776879990935e+000,
       -2.0816681711721685e-017, 1.3877787807814457e-017, 0., 1. ]
