%YAML:1.0
Origin: !!opencv-matrix
   rows: 3
   cols: 1
   dt: d
   data: [ -7.2083860635757446e-002, -3.9905208349227905e-001,
       1.3560000658035278e+000 ]
OZ: !!opencv-matrix
   rows: 3
   cols: 1
   dt: d
   data: [ 1.5084922219274252e-001, -9.0495145591251464e-002,
       9.8440598372229693e-001 ]
OX: !!opencv-matrix
   rows: 3
   cols: 1
   dt: d
   data: [ 9.8855173411016484e-001, 1.6991520946206269e-002,
       -1.4992250399363213e-001 ]
OY: !!opencv-matrix
   rows: 3
   cols: 1
   dt: d
   data: [ -3.1592960656794773e-003, 9.9575193539372686e-001,
       9.2022290821390365e-002 ]
M34: !!opencv-matrix
   rows: 3
   cols: 4
   dt: d
   data: [ 9.8855173411016484e-001, -3.1592960656794773e-003,
       1.5084922219274252e-001, -7.2083860635757446e-002,
       1.6991520946206269e-002, 9.9575193539372686e-001,
       -9.0495145591251464e-002, -3.9905208349227905e-001,
       -1.4992250399363213e-001, 9.2022290821390365e-002,
       9.8440598372229693e-001, 1.3560000658035278e+000 ]
M44: !!opencv-matrix
   rows: 4
   cols: 4
   dt: d
   data: [ 9.8855173411016484e-001, -3.1592960656794773e-003,
       1.5084922219274252e-001, -7.2083860635757446e-002,
       1.6991520946206269e-002, 9.9575193539372686e-001,
       -9.0495145591251464e-002, -3.9905208349227905e-001,
       -1.4992250399363213e-001, 9.2022290821390365e-002,
       9.8440598372229693e-001, 1.3560000658035278e+000, 0., 0., 0., 1. ]
invM44: !!opencv-matrix
   rows: 4
   cols: 4
   dt: d
   data: [ 9.8855173411016473e-001, 1.6991520946206214e-002,
       -1.4992250399363194e-001, 2.8133405254891442e-001,
       -3.1592960656796820e-003, 9.9575193539372742e-001,
       9.2022290821390490e-002, 2.7234691779383391e-001,
       1.5084922219274233e-001, -9.0495145591251575e-002,
       9.8440598372229648e-001, -1.3600930607893931e+000,
       1.3877787807814457e-017, 2.7755575615628914e-017,
       -5.5511151231257827e-017, 1.0000000000000002e+000 ]
