%YAML:1.0
Origin: !!opencv-matrix
   rows: 3
   cols: 1
   dt: d
   data: [ -1.0738755762577057e-001, -2.2637568414211273e-001,
       1.0780000686645508e+000 ]
OZ: !!opencv-matrix
   rows: 3
   cols: 1
   dt: d
   data: [ -1.5495831319141698e-001, -4.0087168001443219e-001,
       9.0293400497227783e-001 ]
OX: !!opencv-matrix
   rows: 3
   cols: 1
   dt: d
   data: [ 9.8641454480559509e-001, -1.2327329633791200e-002,
       1.6381203478398851e-001 ]
OY: !!opencv-matrix
   rows: 3
   cols: 1
   dt: d
   data: [ -5.4536840473587547e-002, 9.1605127209480286e-001,
       3.9733587797309716e-001 ]
M34: !!opencv-matrix
   rows: 3
   cols: 4
   dt: d
   data: [ 9.8641454480559509e-001, -5.4536840473587547e-002,
       -1.5495831319141698e-001, -1.0738755762577057e-001,
       -1.2327329633791200e-002, 9.1605127209480286e-001,
       -4.0087168001443219e-001, -2.2637568414211273e-001,
       1.6381203478398851e-001, 3.9733587797309716e-001,
       9.0293400497227783e-001, 1.0780000686645508e+000 ]
M44: !!opencv-matrix
   rows: 4
   cols: 4
   dt: d
   data: [ 9.8641454480559509e-001, -5.4536840473587547e-002,
       -1.5495831319141698e-001, -1.0738755762577057e-001,
       -1.2327329633791200e-002, 9.1605127209480286e-001,
       -4.0087168001443219e-001, -2.2637568414211273e-001,
       1.6381203478398851e-001, 3.9733587797309716e-001,
       9.0293400497227783e-001, 1.0780000686645508e+000, 0., 0., 0., 1. ]
invM44: !!opencv-matrix
   rows: 4
   cols: 4
   dt: d
   data: [ 9.8641454480559554e-001, -1.2327329633791434e-002,
       1.6381203478398859e-001, -7.3451343651505324e-002,
       -5.4536840473587929e-002, 9.1605127209480308e-001,
       3.9733587797309711e-001, -2.2681294840725949e-001,
       -1.5495831319141695e-001, -4.0087168001443230e-001,
       9.0293400497227760e-001, -1.0807511149635738e+000,
       -6.9388939039072284e-018, -1.3877787807814457e-017,
       1.1102230246251565e-016, 1. ]
