%YAML:1.0
Origin: !!opencv-matrix
   rows: 3
   cols: 1
   dt: d
   data: [ -1.3527031242847443e-001, -6.5530401468276978e-001,
       1.5790001153945923e+000 ]
OZ: !!opencv-matrix
   rows: 3
   cols: 1
   dt: d
   data: [ -4.2177893919092470e-002, -9.6388882727143785e-002,
       9.9444970136812982e-001 ]
OX: !!opencv-matrix
   rows: 3
   cols: 1
   dt: d
   data: [ 9.9294274838476293e-001, 1.0637823850514516e-001,
       5.2424887245049380e-002 ]
OY: !!opencv-matrix
   rows: 3
   cols: 1
   dt: d
   data: [ -1.1084098382215610e-001, 9.8964279093981966e-001,
       9.1221832069856817e-002 ]
M34: !!opencv-matrix
   rows: 3
   cols: 4
   dt: d
   data: [ 9.9294274838476293e-001, -1.1084098382215610e-001,
       -4.2177893919092470e-002, -1.3527031242847443e-001,
       1.0637823850514516e-001, 9.8964279093981966e-001,
       -9.6388882727143785e-002, -6.5530401468276978e-001,
       5.2424887245049380e-002, 9.1221832069856817e-002,
       9.9444970136812982e-001, 1.5790001153945923e+000 ]
M44: !!opencv-matrix
   rows: 4
   cols: 4
   dt: d
   data: [ 9.9294274838476293e-001, -1.1084098382215610e-001,
       -4.2177893919092470e-002, -1.3527031242847443e-001,
       1.0637823850514516e-001, 9.8964279093981966e-001,
       -9.6388882727143785e-002, -6.5530401468276978e-001,
       5.2424887245049380e-002, 9.1221832069856817e-002,
       9.9444970136812982e-001, 1.5790001153945923e+000, 0., 0., 0., 1. ]
invM44: !!opencv-matrix
   rows: 4
   cols: 4
   dt: d
   data: [ 9.9294274838476282e-001, 1.0637823850514500e-001,
       5.2424887245049345e-002, 1.2124685955541629e-001,
       -1.1084098382215593e-001, 9.8964279093981966e-001,
       9.1221832069856845e-002, 4.8948411612841258e-001,
       -4.2177893919092602e-002, -9.6388882727143910e-002,
       9.9444970136813016e-001, -1.6391056319242905e+000,
       3.4694469519536142e-018, 8.3266726846886741e-017, 0.,
       1.0000000000000002e+000 ]
