%YAML:1.0
Origin: !!opencv-matrix
   rows: 3
   cols: 1
   dt: d
   data: [ -3.6518618464469910e-002, -1.5457110106945038e-001,
       1.1520000696182251e+000 ]
OZ: !!opencv-matrix
   rows: 3
   cols: 1
   dt: d
   data: [ -1.0719635528377716e-001, -1.2842643152772343e-001,
       9.8590851152575476e-001 ]
OX: !!opencv-matrix
   rows: 3
   cols: 1
   dt: d
   data: [ 9.9179238924801649e-001, -8.3319972423590627e-002,
       9.6982672808306247e-002 ]
OY: !!opencv-matrix
   rows: 3
   cols: 1
   dt: d
   data: [ 6.9690731403717621e-002, 9.8821274727681341e-001,
       1.3630395473363136e-001 ]
M34: !!opencv-matrix
   rows: 3
   cols: 4
   dt: d
   data: [ 9.9179238924801649e-001, 6.9690731403717621e-002,
       -1.0719635528377716e-001, -3.6518618464469910e-002,
       -8.3319972423590627e-002, 9.8821274727681341e-001,
       -1.2842643152772343e-001, -1.5457110106945038e-001,
       9.6982672808306247e-002, 1.3630395473363136e-001,
       9.8590851152575476e-001, 1.1520000696182251e+000 ]
M44: !!opencv-matrix
   rows: 4
   cols: 4
   dt: d
   data: [ 9.9179238924801649e-001, 6.9690731403717621e-002,
       -1.0719635528377716e-001, -3.6518618464469910e-002,
       -8.3319972423590627e-002, 9.8821274727681341e-001,
       -1.2842643152772343e-001, -1.5457110106945038e-001,
       9.6982672808306247e-002, 1.3630395473363136e-001,
       9.8590851152575476e-001, 1.1520000696182251e+000, 0., 0., 0., 1. ]
invM44: !!opencv-matrix
   rows: 4
   cols: 4
   dt: d
   data: [ 9.9179238924801671e-001, -8.3319972423590641e-002,
       9.6982672808306164e-002, -8.8384017846607418e-002,
       6.9690731403717607e-002, 9.8821274727681341e-001,
       1.3630395473363133e-001, -1.7280236742969527e-003,
       -1.0719635528377722e-001, -1.2842643152772334e-001,
       9.8590851152575454e-001, -1.1595323516419200e+000,
       -1.7347234759768071e-018, -4.8572257327350599e-017,
       1.1102230246251565e-016, 1. ]
