%YAML:1.0
Origin: !!opencv-matrix
   rows: 3
   cols: 1
   dt: d
   data: [ -1.4959430694580078e-001, -2.2025758028030396e-001,
       8.8000005483627319e-001 ]
OZ: !!opencv-matrix
   rows: 3
   cols: 1
   dt: d
   data: [ 6.3660412604003541e-002, 1.2522641116016225e-001,
       9.9008368222844367e-001 ]
OX: !!opencv-matrix
   rows: 3
   cols: 1
   dt: d
   data: [ 9.9714008678406829e-001, 3.2509497818445608e-002,
       -6.8225947262408229e-002 ]
OY: !!opencv-matrix
   rows: 3
   cols: 1
   dt: d
   data: [ -4.0730813831158084e-002, 9.9159542077378449e-001,
       -1.2279870644723045e-001 ]
M34: !!opencv-matrix
   rows: 3
   cols: 4
   dt: d
   data: [ 9.9714008678406829e-001, -4.0730813831158084e-002,
       6.3660412604003541e-002, -1.4959430694580078e-001,
       3.2509497818445608e-002, 9.9159542077378449e-001,
       1.2522641116016225e-001, -2.2025758028030396e-001,
       -6.8225947262408229e-002, -1.2279870644723045e-001,
       9.9008368222844367e-001, 8.8000005483627319e-001 ]
M44: !!opencv-matrix
   rows: 4
   cols: 4
   dt: d
   data: [ 9.9714008678406829e-001, -4.0730813831158084e-002,
       6.3660412604003541e-002, -1.4959430694580078e-001,
       3.2509497818445608e-002, 9.9159542077378449e-001,
       1.2522641116016225e-001, -2.2025758028030396e-001,
       -6.8225947262408229e-002, -1.2279870644723045e-001,
       9.9008368222844367e-001, 8.8000005483627319e-001, 0., 0., 0., 1. ]
invM44: !!opencv-matrix
   rows: 4
   cols: 4
   dt: d
   data: [ 9.9714008678406829e-001, 3.2509497818445518e-002,
       -6.8225947262408493e-002, 2.1636578086813310e-001,
       -4.0730813831157821e-002, 9.9159542077378449e-001,
       -1.2279870644723065e-001, 3.2037617853763956e-001,
       6.3660412604003319e-002, 1.2522641116016231e-001,
       9.9008368222844378e-001, -8.3416839304082657e-001,
       1.3877787807814457e-017, 0., -5.5511151231257827e-017,
       9.9999999999999989e-001 ]
