%YAML:1.0
Origin: !!opencv-matrix
   rows: 3
   cols: 1
   dt: d
   data: [ -1.1795488744974136e-001, -2.5244462490081787e-001,
       8.7600004673004150e-001 ]
OZ: !!opencv-matrix
   rows: 3
   cols: 1
   dt: d
   data: [ -8.1869064916952283e-002, -3.8438679409661579e-002,
       9.9590156347646397e-001 ]
OX: !!opencv-matrix
   rows: 3
   cols: 1
   dt: d
   data: [ 9.9538312480848956e-001, 4.7076609436246926e-002,
       8.3643455754015841e-002 ]
OY: !!opencv-matrix
   rows: 3
   cols: 1
   dt: d
   data: [ -5.0098812921173998e-002, 9.9815142176386673e-001,
       3.4407094830294575e-002 ]
M34: !!opencv-matrix
   rows: 3
   cols: 4
   dt: d
   data: [ 9.9538312480848956e-001, -5.0098812921173998e-002,
       -8.1869064916952283e-002, -1.1795488744974136e-001,
       4.7076609436246926e-002, 9.9815142176386673e-001,
       -3.8438679409661579e-002, -2.5244462490081787e-001,
       8.3643455754015841e-002, 3.4407094830294575e-002,
       9.9590156347646397e-001, 8.7600004673004150e-001 ]
M44: !!opencv-matrix
   rows: 4
   cols: 4
   dt: d
   data: [ 9.9538312480848956e-001, -5.0098812921173998e-002,
       -8.1869064916952283e-002, -1.1795488744974136e-001,
       4.7076609436246926e-002, 9.9815142176386673e-001,
       -3.8438679409661579e-002, -2.5244462490081787e-001,
       8.3643455754015841e-002, 3.4407094830294575e-002,
       9.9590156347646397e-001, 8.7600004673004150e-001, 0., 0., 0., 1. ]
invM44: !!opencv-matrix
   rows: 4
   cols: 4
   dt: d
   data: [ 9.9538312480848967e-001, 4.7076609436247287e-002,
       8.3643455754015647e-002, 5.6022870317712574e-002,
       -5.0098812921173949e-002, 9.9815142176386640e-001,
       3.4407094830294443e-002, 2.1592794474273139e-001,
       -8.1869064916952450e-002, -3.8438679409661752e-002,
       9.9590156347646341e-001, -8.9177031048705291e-001,
       -2.1510571102112408e-016, -2.0816681711721685e-016,
       1.6653345369377348e-016, 9.9999999999999989e-001 ]
