%YAML:1.0
Origin: !!opencv-matrix
   rows: 3
   cols: 1
   dt: d
   data: [ -6.6517651081085205e-002, -3.9222702383995056e-001,
       9.9700003862380981e-001 ]
OZ: !!opencv-matrix
   rows: 3
   cols: 1
   dt: d
   data: [ -2.2547495961251603e-002, 3.4529942339484518e-002,
       9.9914928489586030e-001 ]
OX: !!opencv-matrix
   rows: 3
   cols: 1
   dt: d
   data: [ 9.9969109555974012e-001, 1.1230944271407759e-002,
       2.2171588786986621e-002 ]
OY: !!opencv-matrix
   rows: 3
   cols: 1
   dt: d
   data: [ -1.0455806255092914e-002, 9.9934055705390279e-001,
       -3.4772505557574551e-002 ]
M34: !!opencv-matrix
   rows: 3
   cols: 4
   dt: d
   data: [ 9.9969109555974012e-001, -1.0455806255092914e-002,
       -2.2547495961251603e-002, -6.6517651081085205e-002,
       1.1230944271407759e-002, 9.9934055705390279e-001,
       3.4529942339484518e-002, -3.9222702383995056e-001,
       2.2171588786986621e-002, -3.4772505557574551e-002,
       9.9914928489586030e-001, 9.9700003862380981e-001 ]
M44: !!opencv-matrix
   rows: 4
   cols: 4
   dt: d
   data: [ 9.9969109555974012e-001, -1.0455806255092914e-002,
       -2.2547495961251603e-002, -6.6517651081085205e-002,
       1.1230944271407759e-002, 9.9934055705390279e-001,
       3.4529942339484518e-002, -3.9222702383995056e-001,
       2.2171588786986621e-002, -3.4772505557574551e-002,
       9.9914928489586030e-001, 9.9700003862380981e-001, 0., 0., 0., 1. ]
invM44: !!opencv-matrix
   rows: 4
   cols: 4
   dt: d
   data: [ 9.9969109555974023e-001, 1.1230944271407835e-002,
       2.2171588786986461e-002, 4.8797108452819878e-002,
       -1.0455806255092726e-002, 9.9934055705390246e-001,
       -3.4772505557574662e-002, 4.2594106620751104e-001,
       -2.2547495961251621e-002, 3.4529942339484476e-002,
       9.9914928489586052e-001, -9.8410810558404660e-001,
       -1.6306400674181987e-016, 0., 1.1102230246251565e-016,
       9.9999999999999978e-001 ]
