%YAML:1.0
Origin: !!opencv-matrix
   rows: 3
   cols: 1
   dt: d
   data: [ -3.1777687370777130e-002, -1.9800312817096710e-001,
       1.0980000495910645e+000 ]
OZ: !!opencv-matrix
   rows: 3
   cols: 1
   dt: d
   data: [ -5.7292255593220009e-001, 2.3387034471907336e-001,
       7.8553447204123183e-001 ]
OX: !!opencv-matrix
   rows: 3
   cols: 1
   dt: d
   data: [ 8.1743141281599263e-001, 9.3218989028631377e-002,
       5.6843302633303250e-001 ]
OY: !!opencv-matrix
   rows: 3
   cols: 1
   dt: d
   data: [ 5.9712898487389088e-002, 9.6778865561932559e-001,
       -2.4458022775517457e-001 ]
M34: !!opencv-matrix
   rows: 3
   cols: 4
   dt: d
   data: [ 8.1743141281599263e-001, 5.9712898487389088e-002,
       -5.7292255593220009e-001, -3.1777687370777130e-002,
       9.3218989028631377e-002, 9.6778865561932559e-001,
       2.3387034471907336e-001, -1.9800312817096710e-001,
       5.6843302633303250e-001, -2.4458022775517457e-001,
       7.8553447204123183e-001, 1.0980000495910645e+000 ]
M44: !!opencv-matrix
   rows: 4
   cols: 4
   dt: d
   data: [ 8.1743141281599263e-001, 5.9712898487389088e-002,
       -5.7292255593220009e-001, -3.1777687370777130e-002,
       9.3218989028631377e-002, 9.6778865561932559e-001,
       2.3387034471907336e-001, -1.9800312817096710e-001,
       5.6843302633303250e-001, -2.4458022775517457e-001,
       7.8553447204123183e-001, 1.0980000495910645e+000, 0., 0., 0., 1. ]
invM44: !!opencv-matrix
   rows: 4
   cols: 4
   dt: d
   data: [ 8.1743141281599430e-001, 9.3218989028630905e-002,
       5.6843302633303305e-001, -5.7970575978674654e-001,
       5.9712898487387922e-002, 9.6778865561932581e-001,
       -2.4458022775517460e-001, 4.6207182124531221e-001,
       -5.7292255593219865e-001, 2.3387034471907336e-001,
       7.8553447204123106e-001, -8.3441598328604349e-001,
       -1.5369649997154511e-015, 2.3592239273284576e-016,
       2.2204460492503131e-016, 1. ]
