%YAML:1.0
Origin: !!opencv-matrix
   rows: 3
   cols: 1
   dt: d
   data: [ -1.5209284424781799e-001, -2.5685554742813110e-001,
       1.1250000000000000e+000 ]
OZ: !!opencv-matrix
   rows: 3
   cols: 1
   dt: d
   data: [ 2.5790180992698978e-002, -1.2473448646581929e-001,
       9.9185491602878706e-001 ]
OX: !!opencv-matrix
   rows: 3
   cols: 1
   dt: d
   data: [ 9.9940035492059942e-001, 2.6148254103362339e-002,
       -2.2698004139706046e-002 ]
OY: !!opencv-matrix
   rows: 3
   cols: 1
   dt: d
   data: [ -2.3104050487824566e-002, 9.9184554074384712e-001,
       1.2533405825074731e-001 ]
M34: !!opencv-matrix
   rows: 3
   cols: 4
   dt: d
   data: [ 9.9940035492059942e-001, -2.3104050487824566e-002,
       2.5790180992698978e-002, -1.5209284424781799e-001,
       2.6148254103362339e-002, 9.9184554074384712e-001,
       -1.2473448646581929e-001, -2.5685554742813110e-001,
       -2.2698004139706046e-002, 1.2533405825074731e-001,
       9.9185491602878706e-001, 1.1250000000000000e+000 ]
M44: !!opencv-matrix
   rows: 4
   cols: 4
   dt: d
   data: [ 9.9940035492059942e-001, -2.3104050487824566e-002,
       2.5790180992698978e-002, -1.5209284424781799e-001,
       2.6148254103362339e-002, 9.9184554074384712e-001,
       -1.2473448646581929e-001, -2.5685554742813110e-001,
       -2.2698004139706046e-002, 1.2533405825074731e-001,
       9.9185491602878706e-001, 1.1250000000000000e+000, 0., 0., 0., 1. ]
invM44: !!opencv-matrix
   rows: 4
   cols: 4
   dt: d
   data: [ 9.9940035492059942e-001, 2.6148254103362537e-002,
       -2.2698004139705796e-002, 1.8425322130133068e-001,
       -2.3104050487824289e-002, 9.9184554074384690e-001,
       1.2533405825074739e-001, 1.1024625304748224e-001,
       2.5790180992698919e-002, -1.2473448646581929e-001,
       9.9185491602878684e-001, -1.1439530233558846e+000,
       -6.9388939039072284e-018, -1.3877787807814457e-017,
       5.5511151231257827e-017, 9.9999999999999989e-001 ]
