%YAML:1.0
Origin: !!opencv-matrix
   rows: 3
   cols: 1
   dt: d
   data: [ -9.6727877855300903e-002, -2.3420327901840210e-001,
       8.3600002527236938e-001 ]
OZ: !!opencv-matrix
   rows: 3
   cols: 1
   dt: d
   data: [ 6.7955699539631514e-002, -2.0587907986311133e-002,
       9.9747589491918365e-001 ]
OX: !!opencv-matrix
   rows: 3
   cols: 1
   dt: d
   data: [ 9.9713939774009819e-001, 3.4562601217292557e-002,
       -6.7219402493689809e-002 ]
OY: !!opencv-matrix
   rows: 3
   cols: 1
   dt: d
   data: [ -3.3091454706518864e-002, 9.9919045463907508e-001,
       2.2877739913829274e-002 ]
M34: !!opencv-matrix
   rows: 3
   cols: 4
   dt: d
   data: [ 9.9713939774009819e-001, -3.3091454706518864e-002,
       6.7955699539631514e-002, -9.6727877855300903e-002,
       3.4562601217292557e-002, 9.9919045463907508e-001,
       -2.0587907986311133e-002, -2.3420327901840210e-001,
       -6.7219402493689809e-002, 2.2877739913829274e-002,
       9.9747589491918365e-001, 8.3600002527236938e-001 ]
M44: !!opencv-matrix
   rows: 4
   cols: 4
   dt: d
   data: [ 9.9713939774009819e-001, -3.3091454706518864e-002,
       6.7955699539631514e-002, -9.6727877855300903e-002,
       3.4562601217292557e-002, 9.9919045463907508e-001,
       -2.0587907986311133e-002, -2.3420327901840210e-001,
       -6.7219402493689809e-002, 2.2877739913829274e-002,
       9.9747589491918365e-001, 8.3600002527236938e-001, 0., 0., 0., 1. ]
invM44: !!opencv-matrix
   rows: 4
   cols: 4
   dt: d
   data: [ 9.9713939774009841e-001, 3.4562601217292786e-002,
       -6.7219402493689809e-002, 1.6074127458932636e-001,
       -3.3091454706518850e-002, 9.9919045463907530e-001,
       2.2877739913829298e-002, 2.1168702350531710e-001,
       6.7955699539631542e-002, -2.0587907986311105e-002,
       9.9747589491918398e-001, -8.3213841831489921e-001,
       1.3877787807814457e-017, 1.3877787807814457e-017,
       -5.5511151231257827e-017, 1.0000000000000002e+000 ]
