%YAML:1.0
Origin: !!opencv-matrix
   rows: 3
   cols: 1
   dt: d
   data: [ -3.6291163414716721e-003, -2.7502664923667908e-001,
       8.2300001382827759e-001 ]
OZ: !!opencv-matrix
   rows: 3
   cols: 1
   dt: d
   data: [ 2.2961388278992501e-001, -3.8604829957937105e-002,
       9.7251587747144430e-001 ]
OX: !!opencv-matrix
   rows: 3
   cols: 1
   dt: d
   data: [ 8.2203357161155597e-003, 9.9925433251934070e-001,
       3.7725389620802741e-002 ]
OY: !!opencv-matrix
   rows: 3
   cols: 1
   dt: d
   data: [ -9.7324708625859702e-001, -6.6786618852727846e-004,
       2.2976001184693842e-001 ]
M34: !!opencv-matrix
   rows: 3
   cols: 4
   dt: d
   data: [ 8.2203357161155597e-003, -9.7324708625859702e-001,
       2.2961388278992501e-001, -3.6291163414716721e-003,
       9.9925433251934070e-001, -6.6786618852727846e-004,
       -3.8604829957937105e-002, -2.7502664923667908e-001,
       3.7725389620802741e-002, 2.2976001184693842e-001,
       9.7251587747144430e-001, 8.2300001382827759e-001 ]
M44: !!opencv-matrix
   rows: 4
   cols: 4
   dt: d
   data: [ 8.2203357161155597e-003, -9.7324708625859702e-001,
       2.2961388278992501e-001, -3.6291163414716721e-003,
       9.9925433251934070e-001, -6.6786618852727846e-004,
       -3.8604829957937105e-002, -2.7502664923667908e-001,
       3.7725389620802741e-002, 2.2976001184693842e-001,
       9.7251587747144430e-001, 8.2300001382827759e-001, 0., 0., 0., 1. ]
invM44: !!opencv-matrix
   rows: 4
   cols: 4
   dt: d
   data: [ 8.2203357161155545e-003, 9.9925433251934070e-001,
       3.7725389620802741e-002, 2.4380340718311055e-001,
       -9.7324708625859735e-001, -6.6786618852719692e-004,
       2.2976001184693839e-001, -1.9280820083221539e-001,
       2.2961388278992514e-001, -3.8604829957936904e-002,
       9.7251587747144419e-001, -8.1016464214063977e-001,
       -1.5395670849294163e-017, -5.5511151231257827e-017,
       1.1102230246251565e-016, 1. ]
