%YAML:1.0
Origin: !!opencv-matrix
   rows: 3
   cols: 1
   dt: d
   data: [ 2.8067773208022118e-002, -5.4845219850540161e-001,
       2.2410001754760742e+000 ]
OZ: !!opencv-matrix
   rows: 3
   cols: 1
   dt: d
   data: [ 1.3887818222437603e-005, -1.1842857608450079e-002,
       9.9992987080634543e-001 ]
OX: !!opencv-matrix
   rows: 3
   cols: 1
   dt: d
   data: [ 9.9999931241785911e-001, 1.1726737863936346e-003, 0. ]
OY: !!opencv-matrix
   rows: 3
   cols: 1
   dt: d
   data: [ -1.1725915477265750e-003, 9.9992918327242408e-001,
       1.1842865751393070e-002 ]
M34: !!opencv-matrix
   rows: 3
   cols: 4
   dt: d
   data: [ 9.9999931241785911e-001, -1.1725915477265750e-003,
       1.3887818222437603e-005, 2.8067773208022118e-002,
       1.1726737863936346e-003, 9.9992918327242408e-001,
       -1.1842857608450079e-002, -5.4845219850540161e-001, 0.,
       1.1842865751393070e-002, 9.9992987080634543e-001,
       2.2410001754760742e+000 ]
M44: !!opencv-matrix
   rows: 4
   cols: 4
   dt: d
   data: [ 9.9999931241785911e-001, -1.1725915477265750e-003,
       1.3887818222437603e-005, 2.8067773208022118e-002,
       1.1726737863936346e-003, 9.9992918327242408e-001,
       -1.1842857608450079e-002, -5.4845219850540161e-001, 0.,
       1.1842865751393070e-002, 9.9992987080634543e-001,
       2.2410001754760742e+000, 0., 0., 0., 1. ]
invM44: !!opencv-matrix
   rows: 4
   cols: 4
   dt: d
   data: [ 9.9999931241785878e-001, 1.1726737863936715e-003,
       -3.1225022567582528e-017, -2.7424598392845154e-002,
       -1.1725915477266008e-003, 9.9992918327242386e-001,
       1.1842865751393206e-002, 5.2190640672208688e-001,
       1.3887818222115683e-005, -1.1842857608449858e-002,
       9.9992987080634543e-001, -2.2473386470328616e+000,
       3.4694469519536142e-018, -1.3877787807814457e-017,
       5.5511151231257827e-017, 1.0000000000000002e+000 ]
