%YAML:1.0
Origin: !!opencv-matrix
   rows: 3
   cols: 1
   dt: d
   data: [ -5.7000715285539627e-002, -2.6399159431457520e-001,
       7.1000003814697266e-001 ]
OZ: !!opencv-matrix
   rows: 3
   cols: 1
   dt: d
   data: [ -8.5575524645979062e-001, -1.4994731295986818e-001,
       4.9517548555300944e-001 ]
OX: !!opencv-matrix
   rows: 3
   cols: 1
   dt: d
   data: [ 1.7814996082386174e-002, 9.4797372425380666e-001,
       3.1784971926832367e-001 ]
OY: !!opencv-matrix
   rows: 3
   cols: 1
   dt: d
   data: [ -5.1707406052820692e-001, 2.8082311418486006e-001,
       -8.0856217724327739e-001 ]
M34: !!opencv-matrix
   rows: 3
   cols: 4
   dt: d
   data: [ 1.7814996082386174e-002, -5.1707406052820692e-001,
       -8.5575524645979062e-001, -5.7000715285539627e-002,
       9.4797372425380666e-001, 2.8082311418486006e-001,
       -1.4994731295986818e-001, -2.6399159431457520e-001,
       3.1784971926832367e-001, -8.0856217724327739e-001,
       4.9517548555300944e-001, 7.1000003814697266e-001 ]
M44: !!opencv-matrix
   rows: 4
   cols: 4
   dt: d
   data: [ 1.7814996082386174e-002, -5.1707406052820692e-001,
       -8.5575524645979062e-001, -5.7000715285539627e-002,
       9.4797372425380666e-001, 2.8082311418486006e-001,
       -1.4994731295986818e-001, -2.6399159431457520e-001,
       3.1784971926832367e-001, -8.0856217724327739e-001,
       4.9517548555300944e-001, 7.1000003814697266e-001, 0., 0., 0., 1. ]
invM44: !!opencv-matrix
   rows: 4
   cols: 4
   dt: d
   data: [ 1.7814996082386281e-002, 9.4797372425380699e-001,
       3.1784971926832356e-001, 2.5599249548078885e-002,
       -5.1707406052820726e-001, 2.8082311418486011e-001,
       -8.0856217724327772e-001, 6.1874052701526538e-001,
       -8.5575524645979062e-001, -1.4994731295986835e-001,
       4.9517548555300950e-001, -4.3993810500110586e-001,
       1.3877787807814457e-017, 5.5511151231257827e-017,
       -1.1102230246251565e-016, 1. ]
