%YAML:1.0
Origin: !!opencv-matrix
   rows: 3
   cols: 1
   dt: d
   data: [ -7.5750432908535004e-002, -1.2541724741458893e-001,
       1.2840000391006470e+000 ]
OZ: !!opencv-matrix
   rows: 3
   cols: 1
   dt: d
   data: [ -8.1525931224514708e-002, -1.0229929954663713e-001,
       9.9140727042434140e-001 ]
OX: !!opencv-matrix
   rows: 3
   cols: 1
   dt: d
   data: [ 9.9630251085548083e-001, 1.8689820509285048e-002,
       8.3857006102026538e-002 ]
OY: !!opencv-matrix
   rows: 3
   cols: 1
   dt: d
   data: [ -2.7107736922146554e-002, 9.9457807331631753e-001,
       1.0039734397563302e-001 ]
M34: !!opencv-matrix
   rows: 3
   cols: 4
   dt: d
   data: [ 9.9630251085548083e-001, -2.7107736922146554e-002,
       -8.1525931224514708e-002, -7.5750432908535004e-002,
       1.8689820509285048e-002, 9.9457807331631753e-001,
       -1.0229929954663713e-001, -1.2541724741458893e-001,
       8.3857006102026538e-002, 1.0039734397563302e-001,
       9.9140727042434140e-001, 1.2840000391006470e+000 ]
M44: !!opencv-matrix
   rows: 4
   cols: 4
   dt: d
   data: [ 9.9630251085548083e-001, -2.7107736922146554e-002,
       -8.1525931224514708e-002, -7.5750432908535004e-002,
       1.8689820509285048e-002, 9.9457807331631753e-001,
       -1.0229929954663713e-001, -1.2541724741458893e-001,
       8.3857006102026538e-002, 1.0039734397563302e-001,
       9.9140727042434140e-001, 1.2840000391006470e+000, 0., 0., 0., 1. ]
invM44: !!opencv-matrix
   rows: 4
   cols: 4
   dt: d
   data: [ 9.9630251085548094e-001, 1.8689820509285308e-002,
       8.3857006102026538e-002, -2.9858026765755049e-002,
       -2.7107736922146360e-002, 9.9457807331631720e-001,
       1.0039734397563324e-001, -6.2263721030992930e-003,
       -8.1525931224514819e-002, -1.0229929954663708e-001,
       9.9140727042434107e-001, -1.2919726951346280e+000,
       -2.7755575615628914e-017, 1.3183898417423734e-016,
       -5.5511151231257827e-017, 9.9999999999999989e-001 ]
