%YAML:1.0
Origin: !!opencv-matrix
   rows: 3
   cols: 1
   dt: d
   data: [ -1.0561000555753708e-001, -2.4819517135620117e-001,
       8.7000006437301636e-001 ]
OZ: !!opencv-matrix
   rows: 3
   cols: 1
   dt: d
   data: [ 3.2315859491535270e-001, -2.2594295107749571e-001,
       9.1897677086568819e-001 ]
OX: !!opencv-matrix
   rows: 3
   cols: 1
   dt: d
   data: [ 9.4600955002636933e-001, 1.0297458323598062e-001,
       -3.0734698057127952e-001 ]
OY: !!opencv-matrix
   rows: 3
   cols: 1
   dt: d
   data: [ -2.5188366188408862e-002, 9.6868261988422644e-001,
       2.4702131111098521e-001 ]
M34: !!opencv-matrix
   rows: 3
   cols: 4
   dt: d
   data: [ 9.4600955002636933e-001, -2.5188366188408862e-002,
       3.2315859491535270e-001, -1.0561000555753708e-001,
       1.0297458323598062e-001, 9.6868261988422644e-001,
       -2.2594295107749571e-001, -2.4819517135620117e-001,
       -3.0734698057127952e-001, 2.4702131111098521e-001,
       9.1897677086568819e-001, 8.7000006437301636e-001 ]
M44: !!opencv-matrix
   rows: 4
   cols: 4
   dt: d
   data: [ 9.4600955002636933e-001, -2.5188366188408862e-002,
       3.2315859491535270e-001, -1.0561000555753708e-001,
       1.0297458323598062e-001, 9.6868261988422644e-001,
       -2.2594295107749571e-001, -2.4819517135620117e-001,
       -3.0734698057127952e-001, 2.4702131111098521e-001,
       9.1897677086568819e-001, 8.7000006437301636e-001, 0., 0., 0., 1. ]
invM44: !!opencv-matrix
   rows: 4
   cols: 4
   dt: d
   data: [ 9.4600955002636922e-001, 1.0297458323598041e-001,
       -3.0734698057127957e-001, 3.9285776104922099e-001,
       -2.5188366188408876e-002, 9.6868261988422633e-001,
       2.4702131111098533e-001, 2.2853648770732090e-002,
       3.2315859491535254e-001, -2.2594295107749535e-001,
       9.1897677086568819e-001, -8.2145901826488410e-001,
       4.1633363423443370e-017, -1.8041124150158794e-016,
       -3.3306690738754696e-016, 9.9999999999999989e-001 ]
