%YAML:1.0
Origin: !!opencv-matrix
   rows: 3
   cols: 1
   dt: d
   data: [ -1.5356354415416718e-001, -1.4782729744911194e-001,
       1.1110000610351562e+000 ]
OZ: !!opencv-matrix
   rows: 3
   cols: 1
   dt: d
   data: [ -5.5557315259228968e-001, -1.7336560090211395e-001,
       8.1319299095756681e-001 ]
OX: !!opencv-matrix
   rows: 3
   cols: 1
   dt: d
   data: [ 8.2005305964408948e-001, 4.7251241488306714e-002,
       5.7033349853062365e-001 ]
OY: !!opencv-matrix
   rows: 3
   cols: 1
   dt: d
   data: [ -1.3730058807970094e-001, 9.8372338012352989e-001,
       1.1591747025925654e-001 ]
M34: !!opencv-matrix
   rows: 3
   cols: 4
   dt: d
   data: [ 8.2005305964408948e-001, -1.3730058807970094e-001,
       -5.5557315259228968e-001, -1.5356354415416718e-001,
       4.7251241488306714e-002, 9.8372338012352989e-001,
       -1.7336560090211395e-001, -1.4782729744911194e-001,
       5.7033349853062365e-001, 1.1591747025925654e-001,
       8.1319299095756681e-001, 1.1110000610351562e+000 ]
M44: !!opencv-matrix
   rows: 4
   cols: 4
   dt: d
   data: [ 8.2005305964408948e-001, -1.3730058807970094e-001,
       -5.5557315259228968e-001, -1.5356354415416718e-001,
       4.7251241488306714e-002, 9.8372338012352989e-001,
       -1.7336560090211395e-001, -1.4782729744911194e-001,
       5.7033349853062365e-001, 1.1591747025925654e-001,
       8.1319299095756681e-001, 1.1110000610351562e+000, 0., 0., 0., 1. ]
invM44: !!opencv-matrix
   rows: 4
   cols: 4
   dt: d
   data: [ 8.2005305964408981e-001, 4.7251241488306769e-002,
       5.7033349853062387e-001, -5.0072527411417067e-001,
       -1.3730058807970102e-001, 9.8372338012353000e-001,
       1.1591747025925657e-001, -4.4475127318783711e-003,
       -5.5557315259228979e-001, -1.7336560090211400e-001,
       8.1319299095756692e-001, -1.0144014131881951e+000,
       2.0816681711721685e-017, -4.1633363423443370e-017, 0., 1. ]
