%YAML:1.0
Origin: !!opencv-matrix
   rows: 3
   cols: 1
   dt: d
   data: [ -1.7290538176894188e-002, -1.3754521310329437e-001,
       1.7830001115798950e+000 ]
OZ: !!opencv-matrix
   rows: 3
   cols: 1
   dt: d
   data: [ -2.1658300842813250e-001, -2.6245003065950523e-001,
       9.4032535957882379e-001 ]
OX: !!opencv-matrix
   rows: 3
   cols: 1
   dt: d
   data: [ 9.7535543997346430e-001, -1.6620390973684489e-002,
       2.2001256400044902e-001 ]
OY: !!opencv-matrix
   rows: 3
   cols: 1
   dt: d
   data: [ -4.2113729048723701e-002, 9.6480243781341413e-001,
       2.5958175940328332e-001 ]
M34: !!opencv-matrix
   rows: 3
   cols: 4
   dt: d
   data: [ 9.7535543997346430e-001, -4.2113729048723701e-002,
       -2.1658300842813250e-001, -1.7290538176894188e-002,
       -1.6620390973684489e-002, 9.6480243781341413e-001,
       -2.6245003065950523e-001, -1.3754521310329437e-001,
       2.2001256400044902e-001, 2.5958175940328332e-001,
       9.4032535957882379e-001, 1.7830001115798950e+000 ]
M44: !!opencv-matrix
   rows: 4
   cols: 4
   dt: d
   data: [ 9.7535543997346430e-001, -4.2113729048723701e-002,
       -2.1658300842813250e-001, -1.7290538176894188e-002,
       -1.6620390973684489e-002, 9.6480243781341413e-001,
       -2.6245003065950523e-001, -1.3754521310329437e-001,
       2.2001256400044902e-001, 2.5958175940328332e-001,
       9.4032535957882379e-001, 1.7830001115798950e+000, 0., 0., 0., 1. ]
invM44: !!opencv-matrix
   rows: 4
   cols: 4
   dt: d
   data: [ 9.7535543997346430e-001, -1.6620390973684437e-002,
       2.2001256400044913e-001, -3.7770406090921266e-001,
       -4.2113729048723583e-002, 9.6480243781341413e-001,
       2.5958175940328321e-001, -3.3085851810842387e-001,
       -2.1658300842813247e-001, -2.6245003065950534e-001,
       9.4032535957882368e-001, -1.7164438032221694e+000,
       -3.0357660829594124e-018, 0., 5.5511151231257827e-017, 1. ]
