%YAML:1.0
Origin: !!opencv-matrix
   rows: 3
   cols: 1
   dt: d
   data: [ -3.7499908357858658e-002, -2.0542450249195099e-001,
       1.2950000762939453e+000 ]
OZ: !!opencv-matrix
   rows: 3
   cols: 1
   dt: d
   data: [ 4.7788220199831555e-001, -9.8930182007210640e-002,
       8.7283527661366977e-001 ]
OX: !!opencv-matrix
   rows: 3
   cols: 1
   dt: d
   data: [ 8.7733246395738151e-001, 1.0327114013621061e-001,
       -4.6863932752324278e-001 ]
OY: !!opencv-matrix
   rows: 3
   cols: 1
   dt: d
   data: [ -4.3776120199387238e-002, 9.8972111764021042e-001,
       1.3614610019130724e-001 ]
M34: !!opencv-matrix
   rows: 3
   cols: 4
   dt: d
   data: [ 8.7733246395738151e-001, -4.3776120199387238e-002,
       4.7788220199831555e-001, -3.7499908357858658e-002,
       1.0327114013621061e-001, 9.8972111764021042e-001,
       -9.8930182007210640e-002, -2.0542450249195099e-001,
       -4.6863932752324278e-001, 1.3614610019130724e-001,
       8.7283527661366977e-001, 1.2950000762939453e+000 ]
M44: !!opencv-matrix
   rows: 4
   cols: 4
   dt: d
   data: [ 8.7733246395738151e-001, -4.3776120199387238e-002,
       4.7788220199831555e-001, -3.7499908357858658e-002,
       1.0327114013621061e-001, 9.8972111764021042e-001,
       -9.8930182007210640e-002, -2.0542450249195099e-001,
       -4.6863932752324278e-001, 1.3614610019130724e-001,
       8.7283527661366977e-001, 1.2950000762939453e+000, 0., 0., 0., 1. ]
invM44: !!opencv-matrix
   rows: 4
   cols: 4
   dt: d
   data: [ 8.7733246395738240e-001, 1.0327114013621082e-001,
       -4.6863932752324344e-001, 6.6100227447897764e-001,
       -4.3776120199387251e-002, 9.8972111764021098e-001,
       1.3614610019130730e-001, 2.5362157566412351e-002,
       4.7788220199831349e-001, -9.8930182007210835e-002,
       8.7283527661366966e-001, -1.1327238944462303e+000,
       1.1986939218999737e-015, 9.7144514654701197e-017,
       1.1102230246251565e-016, 1.0000000000000004e+000 ]
