%YAML:1.0
Origin: !!opencv-matrix
   rows: 3
   cols: 1
   dt: d
   data: [ -1.0111419111490250e-001, -3.2289892435073853e-001,
       1.0160000324249268e+000 ]
OZ: !!opencv-matrix
   rows: 3
   cols: 1
   dt: d
   data: [ 5.9771919681708342e-002, -2.3520664972260497e-001,
       9.7010574142401163e-001 ]
OX: !!opencv-matrix
   rows: 3
   cols: 1
   dt: d
   data: [ 9.9794769401142447e-001, 3.6445479753459457e-002,
       -5.2650992610019050e-002 ]
OY: !!opencv-matrix
   rows: 3
   cols: 1
   dt: d
   data: [ -2.2972105581411380e-002, 9.7126183850278414e-001,
       2.3690234999541165e-001 ]
M34: !!opencv-matrix
   rows: 3
   cols: 4
   dt: d
   data: [ 9.9794769401142447e-001, -2.2972105581411380e-002,
       5.9771919681708342e-002, -1.0111419111490250e-001,
       3.6445479753459457e-002, 9.7126183850278414e-001,
       -2.3520664972260497e-001, -3.2289892435073853e-001,
       -5.2650992610019050e-002, 2.3690234999541165e-001,
       9.7010574142401163e-001, 1.0160000324249268e+000 ]
M44: !!opencv-matrix
   rows: 4
   cols: 4
   dt: d
   data: [ 9.9794769401142447e-001, -2.2972105581411380e-002,
       5.9771919681708342e-002, -1.0111419111490250e-001,
       3.6445479753459457e-002, 9.7126183850278414e-001,
       -2.3520664972260497e-001, -3.2289892435073853e-001,
       -5.2650992610019050e-002, 2.3690234999541165e-001,
       9.7010574142401163e-001, 1.0160000324249268e+000, 0., 0., 0., 1. ]
invM44: !!opencv-matrix
   rows: 4
   cols: 4
   dt: d
   data: [ 9.9794769401142491e-001, 3.6445479753459645e-002,
       -5.2650992610018876e-002, 1.6616829026376984e-001,
       -2.2972105581411290e-002, 9.7126183850278425e-001,
       2.3690234999541168e-001, 7.0603801764519469e-002,
       5.9771919681708433e-002, -2.3520664972260491e-001,
       9.7010574142401174e-001, -1.0555316496279732e+000,
       1.3877787807814457e-017, 2.7755575615628914e-017,
       -1.1102230246251565e-016, 1. ]
