%YAML:1.0
Origin: !!opencv-matrix
   rows: 3
   cols: 1
   dt: d
   data: [ -9.2542208731174469e-002, -1.6168259084224701e-001,
       7.1500003337860107e-001 ]
OZ: !!opencv-matrix
   rows: 3
   cols: 1
   dt: d
   data: [ 1.8321213940788533e-002, -1.1194376201969714e-001,
       9.9354563421345354e-001 ]
OX: !!opencv-matrix
   rows: 3
   cols: 1
   dt: d
   data: [ 9.9940259097678585e-001, 3.1176230597722482e-002,
       -1.4916561085081905e-002 ]
OY: !!opencv-matrix
   rows: 3
   cols: 1
   dt: d
   data: [ -2.9305191837338370e-002, 9.9322537059349980e-001,
       1.1244807219682224e-001 ]
M34: !!opencv-matrix
   rows: 3
   cols: 4
   dt: d
   data: [ 9.9940259097678585e-001, -2.9305191837338370e-002,
       1.8321213940788533e-002, -9.2542208731174469e-002,
       3.1176230597722482e-002, 9.9322537059349980e-001,
       -1.1194376201969714e-001, -1.6168259084224701e-001,
       -1.4916561085081905e-002, 1.1244807219682224e-001,
       9.9354563421345354e-001, 7.1500003337860107e-001 ]
M44: !!opencv-matrix
   rows: 4
   cols: 4
   dt: d
   data: [ 9.9940259097678585e-001, -2.9305191837338370e-002,
       1.8321213940788533e-002, -9.2542208731174469e-002,
       3.1176230597722482e-002, 9.9322537059349980e-001,
       -1.1194376201969714e-001, -1.6168259084224701e-001,
       -1.4916561085081905e-002, 1.1244807219682224e-001,
       9.9354563421345354e-001, 7.1500003337860107e-001, 0., 0., 0., 1. ]
invM44: !!opencv-matrix
   rows: 4
   cols: 4
   dt: d
   data: [ 9.9940259097678630e-001, 3.1176230597722503e-002,
       -1.4916561085081811e-002, 1.0819291859011279e-001,
       -2.9305191837338457e-002, 9.9322537059350013e-001,
       1.1244807219682224e-001, 7.7474908653802660e-002,
       1.8321213940788464e-002, -1.1194376201969709e-001,
       9.9354563421345321e-001, -7.2678903349303825e-001,
       -3.4694469519536142e-017, -1.3877787807814457e-017,
       5.5511151231257827e-017, 1. ]
