%YAML:1.0
Origin: !!opencv-matrix
   rows: 3
   cols: 1
   dt: d
<<<<<<< HEAD
   data: [ -7.5750432908535004e-002, -1.2541724741458893e-001,
       1.2840000391006470e+000 ]
=======
   data: [ -1.5209284424781799e-001, -2.5685554742813110e-001,
       1.1250000000000000e+000 ]
>>>>>>> origin/master
OZ: !!opencv-matrix
   rows: 3
   cols: 1
   dt: d
<<<<<<< HEAD
   data: [ -8.1525931224514708e-002, -1.0229929954663713e-001,
       9.9140727042434140e-001 ]
=======
   data: [ 2.5790180992698978e-002, -1.2473448646581929e-001,
       9.9185491602878706e-001 ]
>>>>>>> origin/master
OX: !!opencv-matrix
   rows: 3
   cols: 1
   dt: d
<<<<<<< HEAD
   data: [ 9.9630251085548083e-001, 1.8689820509285048e-002,
       8.3857006102026538e-002 ]
=======
   data: [ 9.9940035492059942e-001, 2.6148254103362339e-002,
       -2.2698004139706046e-002 ]
>>>>>>> origin/master
OY: !!opencv-matrix
   rows: 3
   cols: 1
   dt: d
<<<<<<< HEAD
   data: [ -2.7107736922146554e-002, 9.9457807331631753e-001,
       1.0039734397563302e-001 ]
=======
   data: [ -2.3104050487824566e-002, 9.9184554074384712e-001,
       1.2533405825074731e-001 ]
>>>>>>> origin/master
M34: !!opencv-matrix
   rows: 3
   cols: 4
   dt: d
<<<<<<< HEAD
   data: [ 9.9630251085548083e-001, -2.7107736922146554e-002,
       -8.1525931224514708e-002, -7.5750432908535004e-002,
       1.8689820509285048e-002, 9.9457807331631753e-001,
       -1.0229929954663713e-001, -1.2541724741458893e-001,
       8.3857006102026538e-002, 1.0039734397563302e-001,
       9.9140727042434140e-001, 1.2840000391006470e+000 ]
=======
   data: [ 9.9940035492059942e-001, -2.3104050487824566e-002,
       2.5790180992698978e-002, -1.5209284424781799e-001,
       2.6148254103362339e-002, 9.9184554074384712e-001,
       -1.2473448646581929e-001, -2.5685554742813110e-001,
       -2.2698004139706046e-002, 1.2533405825074731e-001,
       9.9185491602878706e-001, 1.1250000000000000e+000 ]
>>>>>>> origin/master
M44: !!opencv-matrix
   rows: 4
   cols: 4
   dt: d
<<<<<<< HEAD
   data: [ 9.9630251085548083e-001, -2.7107736922146554e-002,
       -8.1525931224514708e-002, -7.5750432908535004e-002,
       1.8689820509285048e-002, 9.9457807331631753e-001,
       -1.0229929954663713e-001, -1.2541724741458893e-001,
       8.3857006102026538e-002, 1.0039734397563302e-001,
       9.9140727042434140e-001, 1.2840000391006470e+000, 0., 0., 0., 1. ]
=======
   data: [ 9.9940035492059942e-001, -2.3104050487824566e-002,
       2.5790180992698978e-002, -1.5209284424781799e-001,
       2.6148254103362339e-002, 9.9184554074384712e-001,
       -1.2473448646581929e-001, -2.5685554742813110e-001,
       -2.2698004139706046e-002, 1.2533405825074731e-001,
       9.9185491602878706e-001, 1.1250000000000000e+000, 0., 0., 0., 1. ]
>>>>>>> origin/master
invM44: !!opencv-matrix
   rows: 4
   cols: 4
   dt: d
<<<<<<< HEAD
   data: [ 9.9630251085548094e-001, 1.8689820509285308e-002,
       8.3857006102026538e-002, -2.9858026765755049e-002,
       -2.7107736922146360e-002, 9.9457807331631720e-001,
       1.0039734397563324e-001, -6.2263721030992930e-003,
       -8.1525931224514819e-002, -1.0229929954663708e-001,
       9.9140727042434107e-001, -1.2919726951346280e+000,
       -2.7755575615628914e-017, 1.3183898417423734e-016,
       -5.5511151231257827e-017, 9.9999999999999989e-001 ]
=======
   data: [ 9.9940035492059942e-001, 2.6148254103362537e-002,
       -2.2698004139705796e-002, 1.8425322130133068e-001,
       -2.3104050487824289e-002, 9.9184554074384690e-001,
       1.2533405825074739e-001, 1.1024625304748224e-001,
       2.5790180992698919e-002, -1.2473448646581929e-001,
       9.9185491602878684e-001, -1.1439530233558846e+000,
       -6.9388939039072284e-018, -1.3877787807814457e-017,
       5.5511151231257827e-017, 9.9999999999999989e-001 ]
>>>>>>> origin/master
