%YAML:1.0
Origin: !!opencv-matrix
   rows: 3
   cols: 1
   dt: d
   data: [ -1.2540380656719208e-001, -4.5516604185104370e-001,
       2.1349999904632568e+000 ]
OZ: !!opencv-matrix
   rows: 3
   cols: 1
   dt: d
   data: [ 2.9038945080047559e-002, 1.1507674202241447e-002,
       9.9951203749784479e-001 ]
OX: !!opencv-matrix
   rows: 3
   cols: 1
   dt: d
   data: [ 9.9894374188533697e-001, -3.5957719069882502e-002,
       -2.8608442589782446e-002 ]
OY: !!opencv-matrix
   rows: 3
   cols: 1
   dt: d
   data: [ 3.5610956414556624e-002, 9.9928705379072469e-001,
       -1.2539693357258528e-002 ]
M34: !!opencv-matrix
   rows: 3
   cols: 4
   dt: d
   data: [ 9.9894374188533697e-001, 3.5610956414556624e-002,
       2.9038945080047559e-002, -1.2540380656719208e-001,
       -3.5957719069882502e-002, 9.9928705379072469e-001,
       1.1507674202241447e-002, -4.5516604185104370e-001,
       -2.8608442589782446e-002, -1.2539693357258528e-002,
       9.9951203749784479e-001, 2.1349999904632568e+000 ]
M44: !!opencv-matrix
   rows: 4
   cols: 4
   dt: d
   data: [ 9.9894374188533697e-001, 3.5610956414556624e-002,
       2.9038945080047559e-002, -1.2540380656719208e-001,
       -3.5957719069882502e-002, 9.9928705379072469e-001,
       1.1507674202241447e-002, -4.5516604185104370e-001,
       -2.8608442589782446e-002, -1.2539693357258528e-002,
       9.9951203749784479e-001, 2.1349999904632568e+000, 0., 0., 0., 1. ]
invM44: !!opencv-matrix
   rows: 4
   cols: 4
   dt: d
   data: [ 9.9894374188533719e-001, -3.5957719069882453e-002,
       -2.8608442589782512e-002, 1.6998363977221986e-001,
       3.5610956414556597e-002, 9.9928705379072436e-001,
       -1.2539693357258547e-002, 4.8607952763495765e-001,
       2.9038945080047320e-002, 1.1507674202241219e-002,
       9.9951203749784534e-001, -2.1250786937565302e+000,
       1.0408340855860843e-017, 1.3877787807814457e-017,
       -5.5511151231257827e-017, 9.9999999999999989e-001 ]
