%YAML:1.0
Origin: !!opencv-matrix
   rows: 3
   cols: 1
   dt: d
   data: [ -1.3267050683498383e-001, -2.0647256076335907e-001,
       1.2120000123977661e+000 ]
OZ: !!opencv-matrix
   rows: 3
   cols: 1
   dt: d
   data: [ -1.2193843103388297e-001, 7.4140230649435673e-002,
       9.8976474236873258e-001 ]
OX: !!opencv-matrix
   rows: 3
   cols: 1
   dt: d
   data: [ 9.8916167202246252e-001, -7.3100874376723274e-002,
       1.2733989464062231e-001 ]
OY: !!opencv-matrix
   rows: 3
   cols: 1
   dt: d
   data: [ 8.1793677253937158e-002, 9.9456497443083480e-001,
       -6.4422868584624204e-002 ]
M34: !!opencv-matrix
   rows: 3
   cols: 4
   dt: d
   data: [ 9.8916167202246252e-001, 8.1793677253937158e-002,
       -1.2193843103388297e-001, -1.3267050683498383e-001,
       -7.3100874376723274e-002, 9.9456497443083480e-001,
       7.4140230649435673e-002, -2.0647256076335907e-001,
       1.2733989464062231e-001, -6.4422868584624204e-002,
       9.8976474236873258e-001, 1.2120000123977661e+000 ]
M44: !!opencv-matrix
   rows: 4
   cols: 4
   dt: d
   data: [ 9.8916167202246252e-001, 8.1793677253937158e-002,
       -1.2193843103388297e-001, -1.3267050683498383e-001,
       -7.3100874376723274e-002, 9.9456497443083480e-001,
       7.4140230649435673e-002, -2.0647256076335907e-001,
       1.2733989464062231e-001, -6.4422868584624204e-002,
       9.8976474236873258e-001, 1.2120000123977661e+000, 0., 0., 0., 1. ]
invM44: !!opencv-matrix
   rows: 4
   cols: 4
   dt: d
   data: [ 9.8916167202246230e-001, -7.3100874376722913e-002,
       1.2733989464062243e-001, -3.8196698240807132e-002,
       8.1793677253937200e-002, 9.9456497443083436e-001,
       -6.4422868584624218e-002, 2.9428250325672028e-001,
       -1.2193843103388287e-001, 7.4140230649435521e-002,
       9.8976474236873235e-001, -1.2004645901919284e+000,
       1.3877787807814457e-017, -1.3877787807814457e-017,
       -5.5511151231257827e-017, 1.0000000000000002e+000 ]
