%YAML:1.0
Origin: !!opencv-matrix
   rows: 3
   cols: 1
   dt: d
   data: [ -2.0981587469577789e-002, -3.1830683350563049e-001,
       1.6950000524520874e+000 ]
OZ: !!opencv-matrix
   rows: 3
   cols: 1
   dt: d
   data: [ 4.4018489812127137e-002, 3.3751366268893601e-001,
       9.4029085928395517e-001 ]
OX: !!opencv-matrix
   rows: 3
   cols: 1
   dt: d
   data: [ 9.9895411997397798e-001, -2.6524926708710206e-002,
       -3.7243716921286238e-002 ]
OY: !!opencv-matrix
   rows: 3
   cols: 1
   dt: d
   data: [ 1.2370882817123828e-002, 9.4094684002944440e-001,
       -3.3832825110671488e-001 ]
M34: !!opencv-matrix
   rows: 3
   cols: 4
   dt: d
   data: [ 9.9895411997397798e-001, 1.2370882817123828e-002,
       4.4018489812127137e-002, -2.0981587469577789e-002,
       -2.6524926708710206e-002, 9.4094684002944440e-001,
       3.3751366268893601e-001, -3.1830683350563049e-001,
       -3.7243716921286238e-002, -3.3832825110671488e-001,
       9.4029085928395517e-001, 1.6950000524520874e+000 ]
M44: !!opencv-matrix
   rows: 4
   cols: 4
   dt: d
   data: [ 9.9895411997397798e-001, 1.2370882817123828e-002,
       4.4018489812127137e-002, -2.0981587469577789e-002,
       -2.6524926708710206e-002, 9.4094684002944440e-001,
       3.3751366268893601e-001, -3.1830683350563049e-001,
       -3.7243716921286238e-002, -3.3832825110671488e-001,
       9.4029085928395517e-001, 1.6950000524520874e+000, 0., 0., 0., 1. ]
invM44: !!opencv-matrix
   rows: 4
   cols: 4
   dt: d
   data: [ 9.9895411997397798e-001, -2.6524926708710015e-002,
       -3.7243716921286189e-002, 7.5644679951801394e-002,
       1.2370882817124045e-002, 9.4094684002944406e-001,
       -3.3832825110671488e-001, 8.7323577327870938e-001,
       4.4018489812127116e-002, 3.3751366268893590e-001,
       9.4029085928395528e-001, -1.4854365727768479e+000,
       -1.7347234759768071e-018, 4.1633363423443370e-017,
       -1.6653345369377348e-016, 1.0000000000000002e+000 ]
