%YAML:1.0
Origin: !!opencv-matrix
   rows: 3
   cols: 1
   dt: d
   data: [ -9.0797767043113708e-002, -1.5478387475013733e-001,
       1.0880000591278076e+000 ]
OZ: !!opencv-matrix
   rows: 3
   cols: 1
   dt: d
   data: [ 5.5628385093248645e-001, -7.1882405994729837e-002,
       8.2787752530198089e-001 ]
OX: !!opencv-matrix
   rows: 3
   cols: 1
   dt: d
   data: [ 8.2770034587525310e-001, -4.0661056036422026e-002,
       -5.5969528849186234e-001 ]
OY: !!opencv-matrix
   rows: 3
   cols: 1
   dt: d
   data: [ 7.3894618408307744e-002, 9.9658396446582054e-001,
       3.6878003469260789e-002 ]
M34: !!opencv-matrix
   rows: 3
   cols: 4
   dt: d
   data: [ 8.2770034587525310e-001, 7.3894618408307744e-002,
       5.5628385093248645e-001, -9.0797767043113708e-002,
       -4.0661056036422026e-002, 9.9658396446582054e-001,
       -7.1882405994729837e-002, -1.5478387475013733e-001,
       -5.5969528849186234e-001, 3.6878003469260789e-002,
       8.2787752530198089e-001, 1.0880000591278076e+000 ]
M44: !!opencv-matrix
   rows: 4
   cols: 4
   dt: d
   data: [ 8.2770034587525310e-001, 7.3894618408307744e-002,
       5.5628385093248645e-001, -9.0797767043113708e-002,
       -4.0661056036422026e-002, 9.9658396446582054e-001,
       -7.1882405994729837e-002, -1.5478387475013733e-001,
       -5.5969528849186234e-001, 3.6878003469260789e-002,
       8.2787752530198089e-001, 1.0880000591278076e+000, 0., 0., 0., 1. ]
invM44: !!opencv-matrix
   rows: 4
   cols: 4
   dt: d
   data: [ 8.2770034587525343e-001, -4.0661056036421825e-002,
       -5.5969528849186279e-001, 6.7780817435423812e-001,
       7.3894618408307841e-002, 9.9658396446582087e-001,
       3.6878003469260109e-002, 1.2084132392677857e-001,
       5.5628385093248633e-001, -7.1882405994730017e-002,
       8.2787752530198122e-001, -8.6134770229855095e-001,
       2.0816681711721685e-017, -4.0939474033052647e-016,
       5.5511151231257827e-017, 1. ]
