%YAML:1.0
Origin: !!opencv-matrix
   rows: 3
   cols: 1
   dt: d
   data: [ -9.9969744682312012e-002, -1.9415797293186188e-001,
       7.0000004768371582e-001 ]
OZ: !!opencv-matrix
   rows: 3
   cols: 1
   dt: d
   data: [ 1.7964356274231308e-001, -1.0980721512374192e-001,
       9.7758404542628297e-001 ]
OX: !!opencv-matrix
   rows: 3
   cols: 1
   dt: d
   data: [ 9.8290355129780282e-001, 6.0804909462744527e-002,
       -1.7379117305373956e-001 ]
OY: !!opencv-matrix
   rows: 3
   cols: 1
   dt: d
   data: [ -4.0358384648249229e-002, 9.9209129544210584e-001,
       1.1885311227135895e-001 ]
M34: !!opencv-matrix
   rows: 3
   cols: 4
   dt: d
   data: [ 9.8290355129780282e-001, -4.0358384648249229e-002,
       1.7964356274231308e-001, -9.9969744682312012e-002,
       6.0804909462744527e-002, 9.9209129544210584e-001,
       -1.0980721512374192e-001, -1.9415797293186188e-001,
       -1.7379117305373956e-001, 1.1885311227135895e-001,
       9.7758404542628297e-001, 7.0000004768371582e-001 ]
M44: !!opencv-matrix
   rows: 4
   cols: 4
   dt: d
   data: [ 9.8290355129780282e-001, -4.0358384648249229e-002,
       1.7964356274231308e-001, -9.9969744682312012e-002,
       6.0804909462744527e-002, 9.9209129544210584e-001,
       -1.0980721512374192e-001, -1.9415797293186188e-001,
       -1.7379117305373956e-001, 1.1885311227135895e-001,
       9.7758404542628297e-001, 7.0000004768371582e-001, 0., 0., 0., 1. ]
invM44: !!opencv-matrix
   rows: 4
   cols: 4
   dt: d
   data: [ 9.8290355129780327e-001, 6.0804909462744777e-002,
       -1.7379117305373937e-001, 2.3172020446079744e-001,
       -4.0358384648249153e-002, 9.9209129544210606e-001,
       1.1885311227135921e-001, 1.0539063321999881e-001,
       1.7964356274231336e-001, -1.0980721512374168e-001,
       9.7758404542628285e-001, -6.8766990361378655e-001, 0.,
       -1.3877787807814457e-017, 5.5511151231257827e-017,
       9.9999999999999978e-001 ]
