%YAML:1.0
Origin: !!opencv-matrix
   rows: 3
   cols: 1
   dt: d
   data: [ -9.4265036284923553e-002, -5.6365489959716797e-001,
       1.3070000410079956e+000 ]
OZ: !!opencv-matrix
   rows: 3
   cols: 1
   dt: d
   data: [ -2.0923202632188082e-001, -1.2554605868201910e-001,
       9.6977324479006466e-001 ]
OX: !!opencv-matrix
   rows: 3
   cols: 1
   dt: d
   data: [ 9.6604965543249299e-001, 1.2716825455811215e-001,
       2.2489174789530381e-001 ]
OY: !!opencv-matrix
   rows: 3
   cols: 1
   dt: d
   data: [ -1.5155864343547501e-001, 9.8390366509229665e-001,
       9.4676055145661520e-002 ]
M34: !!opencv-matrix
   rows: 3
   cols: 4
   dt: d
   data: [ 9.6604965543249299e-001, -1.5155864343547501e-001,
       -2.0923202632188082e-001, -9.4265036284923553e-002,
       1.2716825455811215e-001, 9.8390366509229665e-001,
       -1.2554605868201910e-001, -5.6365489959716797e-001,
       2.2489174789530381e-001, 9.4676055145661520e-002,
       9.6977324479006466e-001, 1.3070000410079956e+000 ]
M44: !!opencv-matrix
   rows: 4
   cols: 4
   dt: d
   data: [ 9.6604965543249299e-001, -1.5155864343547501e-001,
       -2.0923202632188082e-001, -9.4265036284923553e-002,
       1.2716825455811215e-001, 9.8390366509229665e-001,
       -1.2554605868201910e-001, -5.6365489959716797e-001,
       2.2489174789530381e-001, 9.4676055145661520e-002,
       9.6977324479006466e-001, 1.3070000410079956e+000, 0., 0., 0., 1. ]
invM44: !!opencv-matrix
   rows: 4
   cols: 4
   dt: d
   data: [ 9.6604965543249288e-001, 1.2716825455811226e-001,
       2.2489174789530400e-001, -1.3118980814424050e-001,
       -1.5155864343547490e-001, 9.8390366509229665e-001,
       9.4676055145661436e-002, 4.1655383258029016e-001,
       -2.0923202632188093e-001, -1.2554605868201929e-001,
       9.6977324479006533e-001, -1.3579815863635061e+000,
       -1.3877787807814457e-017, -2.7755575615628914e-017,
       -5.5511151231257827e-017, 1. ]
