%YAML:1.0
Origin: !!opencv-matrix
   rows: 3
   cols: 1
   dt: d
   data: [ -1.6162964701652527e-001, -5.5161803960800171e-001,
       1.4000000953674316e+000 ]
OZ: !!opencv-matrix
   rows: 3
   cols: 1
   dt: d
   data: [ 5.1688363889602726e-002, 1.7371289803131917e-001,
       9.8343893663815074e-001 ]
OX: !!opencv-matrix
   rows: 3
   cols: 1
   dt: d
   data: [ 9.9866279012434001e-001, -8.0325495687425304e-003,
       -5.1069656044405602e-002 ]
OY: !!opencv-matrix
   rows: 3
   cols: 1
   dt: d
   data: [ -9.7193594655898240e-004, 9.8476357934530978e-001,
       -1.7389579677361261e-001 ]
M34: !!opencv-matrix
   rows: 3
   cols: 4
   dt: d
   data: [ 9.9866279012434001e-001, -9.7193594655898240e-004,
       5.1688363889602726e-002, -1.6162964701652527e-001,
       -8.0325495687425304e-003, 9.8476357934530978e-001,
       1.7371289803131917e-001, -5.5161803960800171e-001,
       -5.1069656044405602e-002, -1.7389579677361261e-001,
       9.8343893663815074e-001, 1.4000000953674316e+000 ]
M44: !!opencv-matrix
   rows: 4
   cols: 4
   dt: d
   data: [ 9.9866279012434001e-001, -9.7193594655898240e-004,
       5.1688363889602726e-002, -1.6162964701652527e-001,
       -8.0325495687425304e-003, 9.8476357934530978e-001,
       1.7371289803131917e-001, -5.5161803960800171e-001,
       -5.1069656044405602e-002, -1.7389579677361261e-001,
       9.8343893663815074e-001, 1.4000000953674316e+000, 0., 0., 0., 1. ]
invM44: !!opencv-matrix
   rows: 4
   cols: 4
   dt: d
   data: [ 9.9866279012434023e-001, -8.0325495687424558e-003,
       -5.1069656044405581e-002, 2.2848013834272127e-001,
       -9.7193594655901189e-004, 9.8476357934530978e-001,
       -1.7389579677361242e-001, 7.8651039351890661e-001,
       5.1688363889602795e-002, 1.7371289803131934e-001,
       9.8343893663815007e-001, -1.2726370648044563e+000,
       -1.3877787807814457e-017, 0., 0., 9.9999999999999978e-001 ]
