%YAML:1.0
Origin: !!opencv-matrix
   rows: 3
   cols: 1
   dt: d
   data: [ -8.8500566780567169e-002, -2.0148354768753052e-001,
       8.8900005817413330e-001 ]
OZ: !!opencv-matrix
   rows: 3
   cols: 1
   dt: d
   data: [ 1.3421044325549805e-001, -1.4680782017615770e-002,
       9.9084410053272953e-001 ]
OX: !!opencv-matrix
   rows: 3
   cols: 1
   dt: d
   data: [ 9.9004860679347440e-001, -4.0719137869097775e-002,
       -1.3470600579594721e-001 ]
OY: !!opencv-matrix
   rows: 3
   cols: 1
   dt: d
   data: [ 4.2323907043928383e-002, 9.9906277402901411e-001,
       9.0697542407858385e-003 ]
M34: !!opencv-matrix
   rows: 3
   cols: 4
   dt: d
   data: [ 9.9004860679347440e-001, 4.2323907043928383e-002,
       1.3421044325549805e-001, -8.8500566780567169e-002,
       -4.0719137869097775e-002, 9.9906277402901411e-001,
       -1.4680782017615770e-002, -2.0148354768753052e-001,
       -1.3470600579594721e-001, 9.0697542407858385e-003,
       9.9084410053272953e-001, 8.8900005817413330e-001 ]
M44: !!opencv-matrix
   rows: 4
   cols: 4
   dt: d
   data: [ 9.9004860679347440e-001, 4.2323907043928383e-002,
       1.3421044325549805e-001, -8.8500566780567169e-002,
       -4.0719137869097775e-002, 9.9906277402901411e-001,
       -1.4680782017615770e-002, -2.0148354768753052e-001,
       -1.3470600579594721e-001, 9.0697542407858385e-003,
       9.9084410053272953e-001, 8.8900005817413330e-001, 0., 0., 0., 1. ]
invM44: !!opencv-matrix
   rows: 4
   cols: 4
   dt: d
   data: [ 9.9004860679347440e-001, -4.0719137869097685e-002,
       -1.3470600579594716e-001, 1.9916927347389191e-001,
       4.2323907043928494e-002, 9.9906277402901444e-001,
       9.0697542407860432e-003, 1.9697738978798329e-001,
       1.3421044325549830e-001, -1.4680782017615579e-002,
       9.9084410053272998e-001, -8.7194069876284719e-001,
       -2.7755575615628914e-017, 1.3877787807814457e-017,
       -5.5511151231257827e-017, 1.0000000000000002e+000 ]
