%YAML:1.0
Origin: !!opencv-matrix
   rows: 3
   cols: 1
   dt: d
   data: [ -1.0229521989822388e-001, -4.5392429828643799e-001,
       1.9180001020431519e+000 ]
OZ: !!opencv-matrix
   rows: 3
   cols: 1
   dt: d
   data: [ 3.1717905161555593e-002, 1.8209413693285733e-003,
       9.9949520192179597e-001 ]
OX: !!opencv-matrix
   rows: 3
   cols: 1
   dt: d
   data: [ 9.9833403022895384e-001, 4.8165412575424747e-002,
       -3.1768807315564633e-002 ]
OY: !!opencv-matrix
   rows: 3
   cols: 1
   dt: d
   data: [ -4.8198947903215925e-002, 9.9883771314661962e-001,
       -2.9020174791790531e-004 ]
M34: !!opencv-matrix
   rows: 3
   cols: 4
   dt: d
   data: [ 9.9833403022895384e-001, -4.8198947903215925e-002,
       3.1717905161555593e-002, -1.0229521989822388e-001,
       4.8165412575424747e-002, 9.9883771314661962e-001,
       1.8209413693285733e-003, -4.5392429828643799e-001,
       -3.1768807315564633e-002, -2.9020174791790531e-004,
       9.9949520192179597e-001, 1.9180001020431519e+000 ]
M44: !!opencv-matrix
   rows: 4
   cols: 4
   dt: d
   data: [ 9.9833403022895384e-001, -4.8198947903215925e-002,
       3.1717905161555593e-002, -1.0229521989822388e-001,
       4.8165412575424747e-002, 9.9883771314661962e-001,
       1.8209413693285733e-003, -4.5392429828643799e-001,
       -3.1768807315564633e-002, -2.9020174791790531e-004,
       9.9949520192179597e-001, 1.9180001020431519e+000, 0., 0., 0., 1. ]
invM44: !!opencv-matrix
   rows: 4
   cols: 4
   dt: d
   data: [ 9.9833403022895406e-001, 4.8165412575424504e-002,
       -3.1768807315564696e-002, 1.8492082593216957e-001,
       -4.8198947903215550e-002, 9.9883771314661962e-001,
       -2.9020174791807851e-004, 4.4902279304960724e-001,
       3.1717905161555496e-002, 1.8209413693284771e-003,
       9.9949520192179686e-001, -1.9129607396611403e+000,
       1.7347234759768071e-017, -1.3877787807814457e-017,
       -5.5511151231257827e-017, 1. ]
