%YAML:1.0
Origin: !!opencv-matrix
   rows: 3
   cols: 1
   dt: d
   data: [ -1.2640963494777679e-001, -3.1309947371482849e-001,
       7.9600006341934204e-001 ]
OZ: !!opencv-matrix
   rows: 3
   cols: 1
   dt: d
   data: [ 1.3206702688955807e-001, -1.1461666343524736e-001,
       9.8459195653403764e-001 ]
OX: !!opencv-matrix
   rows: 3
   cols: 1
   dt: d
   data: [ 9.8764036681531209e-001, -6.9367897330429876e-002,
       -1.4055106067501119e-001 ]
OY: !!opencv-matrix
   rows: 3
   cols: 1
   dt: d
   data: [ 8.4408567370074988e-002, 9.9098492182420539e-001,
       1.0403883155632489e-001 ]
M34: !!opencv-matrix
   rows: 3
   cols: 4
   dt: d
   data: [ 9.8764036681531209e-001, 8.4408567370074988e-002,
       1.3206702688955807e-001, -1.2640963494777679e-001,
       -6.9367897330429876e-002, 9.9098492182420539e-001,
       -1.1461666343524736e-001, -3.1309947371482849e-001,
       -1.4055106067501119e-001, 1.0403883155632489e-001,
       9.8459195653403764e-001, 7.9600006341934204e-001 ]
M44: !!opencv-matrix
   rows: 4
   cols: 4
   dt: d
   data: [ 9.8764036681531209e-001, 8.4408567370074988e-002,
       1.3206702688955807e-001, -1.2640963494777679e-001,
       -6.9367897330429876e-002, 9.9098492182420539e-001,
       -1.1461666343524736e-001, -3.1309947371482849e-001,
       -1.4055106067501119e-001, 1.0403883155632489e-001,
       9.8459195653403764e-001, 7.9600006341934204e-001, 0., 0., 0., 1. ]
invM44: !!opencv-matrix
   rows: 4
   cols: 4
   dt: d
   data: [ 9.8764036681531220e-001, -6.9367897330429515e-002,
       -1.4055106067501122e-001, 2.1500685929291502e-001,
       8.4408567370075016e-002, 9.9098492182420517e-001,
       1.0403883155632482e-001, 2.3813199715329633e-001,
       1.3206702688955807e-001, -1.1461666343524718e-001,
       9.8459195653403753e-001, -8.0292713218604606e-001,
       4.1633363423443370e-017, 1.1102230246251565e-016,
       -1.1102230246251565e-016, 1. ]
