%YAML:1.0
Origin: !!opencv-matrix
   rows: 3
   cols: 1
   dt: d
   data: [ -8.4273099899291992e-002, -1.5191633999347687e-001,
       1.0099999904632568e+000 ]
OZ: !!opencv-matrix
   rows: 3
   cols: 1
   dt: d
   data: [ 1.9500183479026387e-001, 1.4369037025809250e-001,
       9.7022026464278865e-001 ]
OX: !!opencv-matrix
   rows: 3
   cols: 1
   dt: d
   data: [ 9.5552267811113090e-001, 1.9531259872878515e-001,
       -2.2097375498719452e-001 ]
OY: !!opencv-matrix
   rows: 3
   cols: 1
   dt: d
   data: [ -2.2124804189814376e-001, 9.7015775329216491e-001,
       -9.9213092298024899e-002 ]
M34: !!opencv-matrix
   rows: 3
   cols: 4
   dt: d
   data: [ 9.5552267811113090e-001, -2.2124804189814376e-001,
       1.9500183479026387e-001, -8.4273099899291992e-002,
       1.9531259872878515e-001, 9.7015775329216491e-001,
       1.4369037025809250e-001, -1.5191633999347687e-001,
       -2.2097375498719452e-001, -9.9213092298024899e-002,
       9.7022026464278865e-001, 1.0099999904632568e+000 ]
M44: !!opencv-matrix
   rows: 4
   cols: 4
   dt: d
   data: [ 9.5552267811113090e-001, -2.2124804189814376e-001,
       1.9500183479026387e-001, -8.4273099899291992e-002,
       1.9531259872878515e-001, 9.7015775329216491e-001,
       1.4369037025809250e-001, -1.5191633999347687e-001,
       -2.2097375498719452e-001, -9.9213092298024899e-002,
       9.7022026464278865e-001, 1.0099999904632568e+000, 0., 0., 0., 1. ]
invM44: !!opencv-matrix
   rows: 4
   cols: 4
   dt: d
   data: [ 9.5552267811113134e-001, 1.9531259872878526e-001,
       -2.2097375498719454e-001, 3.3337952369168650e-001,
       -2.2124804189814357e-001, 9.7015775329216514e-001,
       -9.9213092298024913e-002, 2.2894277903387056e-001,
       1.9500183479026389e-001, 1.4369037025809256e-001,
       9.7022026464278910e-001, -9.4166013379073288e-001,
       1.3877787807814457e-017, 1.3877787807814457e-017,
       -5.5511151231257827e-017, 9.9999999999999989e-001 ]
