%YAML:1.0
Origin: !!opencv-matrix
   rows: 3
   cols: 1
   dt: d
   data: [ -1.6559581458568573e-001, -1.9189772009849548e-001,
       9.1500002145767212e-001 ]
OZ: !!opencv-matrix
   rows: 3
   cols: 1
   dt: d
   data: [ -3.8792036397997431e-001, 4.4783984322807502e-002,
       9.2060425045608973e-001 ]
OX: !!opencv-matrix
   rows: 3
   cols: 1
   dt: d
   data: [ 9.2109699794132116e-001, 5.4747101448930545e-002,
       3.8546475230094185e-001 ]
OY: !!opencv-matrix
   rows: 3
   cols: 1
   dt: d
   data: [ -3.3137766869995949e-002, 9.9749543840115629e-001,
       -6.2487909036506896e-002 ]
M34: !!opencv-matrix
   rows: 3
   cols: 4
   dt: d
   data: [ 9.2109699794132116e-001, -3.3137766869995949e-002,
       -3.8792036397997431e-001, -1.6559581458568573e-001,
       5.4747101448930545e-002, 9.9749543840115629e-001,
       4.4783984322807502e-002, -1.9189772009849548e-001,
       3.8546475230094185e-001, -6.2487909036506896e-002,
       9.2060425045608973e-001, 9.1500002145767212e-001 ]
M44: !!opencv-matrix
   rows: 4
   cols: 4
   dt: d
   data: [ 9.2109699794132116e-001, -3.3137766869995949e-002,
       -3.8792036397997431e-001, -1.6559581458568573e-001,
       5.4747101448930545e-002, 9.9749543840115629e-001,
       4.4783984322807502e-002, -1.9189772009849548e-001,
       3.8546475230094185e-001, -6.2487909036506896e-002,
       9.2060425045608973e-001, 9.1500002145767212e-001, 0., 0., 0., 1. ]
invM44: !!opencv-matrix
   rows: 4
   cols: 4
   dt: d
   data: [ 9.2109699794132160e-001, 5.4747101448930524e-002,
       3.8546475230094168e-001, -1.8966460498996457e-001,
       -3.3137766869996040e-002, 9.9749543840115662e-001,
       -6.2487909036506722e-002, 2.4310606304869245e-001,
       -3.8792036397997431e-001, 4.4783984322807641e-002,
       9.2060425045608918e-001, -8.9799695310051231e-001,
       1.3877787807814457e-017, -2.7755575615628914e-017,
       -5.5511151231257827e-017, 9.9999999999999989e-001 ]
