%YAML:1.0
Origin: !!opencv-matrix
   rows: 3
   cols: 1
   dt: d
   data: [ -4.4775098562240601e-002, -2.7309980988502502e-001,
       1.1260000467300415e+000 ]
OZ: !!opencv-matrix
   rows: 3
   cols: 1
   dt: d
   data: [ -7.8061426322417526e-002, -7.4592168196260938e-002,
       9.9415412394874192e-001 ]
OX: !!opencv-matrix
   rows: 3
   cols: 1
   dt: d
   data: [ 9.9534728353770963e-001, -6.2327134775599237e-002,
       7.3478659655483350e-002 ]
OY: !!opencv-matrix
   rows: 3
   cols: 1
   dt: d
   data: [ 5.6481845531213416e-002, 9.9526445566715849e-001,
       7.9110457026509096e-002 ]
M34: !!opencv-matrix
   rows: 3
   cols: 4
   dt: d
   data: [ 9.9534728353770963e-001, 5.6481845531213416e-002,
       -7.8061426322417526e-002, -4.4775098562240601e-002,
       -6.2327134775599237e-002, 9.9526445566715849e-001,
       -7.4592168196260938e-002, -2.7309980988502502e-001,
       7.3478659655483350e-002, 7.9110457026509096e-002,
       9.9415412394874192e-001, 1.1260000467300415e+000 ]
M44: !!opencv-matrix
   rows: 4
   cols: 4
   dt: d
   data: [ 9.9534728353770963e-001, 5.6481845531213416e-002,
       -7.8061426322417526e-002, -4.4775098562240601e-002,
       -6.2327134775599237e-002, 9.9526445566715849e-001,
       -7.4592168196260938e-002, -2.7309980988502502e-001,
       7.3478659655483350e-002, 7.9110457026509096e-002,
       9.9415412394874192e-001, 1.1260000467300415e+000, 0., 0., 0., 1. ]
invM44: !!opencv-matrix
   rows: 4
   cols: 4
   dt: d
   data: [ 9.9534728353770963e-001, -6.2327134775598883e-002,
       7.3478659655483433e-002, -5.5191730139570169e-002,
       5.6481845531213305e-002, 9.9526445566715882e-001,
       7.9110457026509123e-002, 1.8525713551997694e-001,
       -7.8061426322417471e-002, -7.4592168196260966e-002,
       9.9415412394874214e-001, -1.1432839050339536e+000,
       1.0408340855860843e-017, 4.1633363423443370e-017,
       -5.5511151231257827e-017, 1.0000000000000002e+000 ]
