%YAML:1.0
Origin: !!opencv-matrix
   rows: 3
   cols: 1
   dt: d
   data: [ 4.2719934135675430e-002, -3.2598307728767395e-001,
       8.5800004005432129e-001 ]
OZ: !!opencv-matrix
   rows: 3
   cols: 1
   dt: d
   data: [ 3.0171766680379675e-001, -1.4327807563365233e-002,
       9.5328965349934447e-001 ]
OX: !!opencv-matrix
   rows: 3
   cols: 1
   dt: d
   data: [ 7.1232054363503133e-002, 9.9743116775517493e-001,
       -7.5538084237725470e-003 ]
OY: !!opencv-matrix
   rows: 3
   cols: 1
   dt: d
   data: [ -9.5073258278531092e-001, 7.0183897875333898e-002,
       3.0196320389974118e-001 ]
M34: !!opencv-matrix
   rows: 3
   cols: 4
   dt: d
   data: [ 7.1232054363503133e-002, -9.5073258278531092e-001,
       3.0171766680379675e-001, 4.2719934135675430e-002,
       9.9743116775517493e-001, 7.0183897875333898e-002,
       -1.4327807563365233e-002, -3.2598307728767395e-001,
       -7.5538084237725470e-003, 3.0196320389974118e-001,
       9.5328965349934447e-001, 8.5800004005432129e-001 ]
M44: !!opencv-matrix
   rows: 4
   cols: 4
   dt: d
   data: [ 7.1232054363503133e-002, -9.5073258278531092e-001,
       3.0171766680379675e-001, 4.2719934135675430e-002,
       9.9743116775517493e-001, 7.0183897875333898e-002,
       -1.4327807563365233e-002, -3.2598307728767395e-001,
       -7.5538084237725470e-003, 3.0196320389974118e-001,
       9.5328965349934447e-001, 8.5800004005432129e-001, 0., 0., 0., 1. ]
invM44: !!opencv-matrix
   rows: 4
   cols: 4
   dt: d
   data: [ 7.1232054363503314e-002, 9.9743116775517449e-001,
       -7.5538084237725123e-003, 3.2858382070687192e-001,
       -9.5073258278531070e-001, 7.0183897875333801e-002,
       3.0196320389974124e-001, -1.9559044471823495e-001,
       3.0171766680379658e-001, -1.4327807563365408e-002,
       9.5328965349934425e-001, -8.3548254253952670e-001,
       3.4694469519536142e-018, 2.7755575615628914e-017,
       1.1102230246251565e-016, 9.9999999999999978e-001 ]
